-1072.870 512.391 1255.028
-1073.148 513.825 1254.173
-1072.223 513.730 1255.100
-1073.126 514.190 1254.232
-1071.747 513.297 1255.657
-1072.893 513.418 1254.551
-1072.970 514.483 1254.102
-1072.747 514.069 1254.497
-1072.623 513.353 1254.940
-1072.779 514.474 1254.339
-1072.628 513.757 1254.766
-1072.897 514.161 1254.407
-1074.010 513.979 1253.485
-1073.100 514.162 1254.140
-1074.179 513.584 1253.513
-1072.491 515.531 1254.228
-1072.510 514.141 1254.730
-1072.136 513.020 1255.542
-1073.859 513.629 1253.715
-1072.881 514.246 1254.433
-1073.652 513.233 1254.111
-1073.560 512.519 1254.526
-1073.427 512.931 1254.511
-1072.705 513.852 1254.802
-1073.188 513.734 1254.617
-1073.492 513.291 1254.562
-1073.026 514.375 1254.516
-1073.861 514.410 1253.758
-1073.143 513.966 1254.534
-1073.619 514.397 1253.940
-1073.550 514.724 1253.904
-1073.306 514.043 1254.313
-1073.430 513.744 1254.399
-1073.629 514.402 1253.959
-1074.806 514.505 1252.855
-1074.100 514.163 1253.577
-1073.285 515.688 1253.782
-1073.380 514.079 1254.352
-1072.937 514.692 1254.479
-1072.816 515.270 1254.359
-1074.005 512.721 1254.323
-1073.678 515.430 1253.462
-1072.592 513.584 1255.299
-1074.211 514.503 1253.422
-1073.535 514.800 1253.953
-1073.237 513.734 1254.623
-1072.846 513.631 1254.908
-1074.738 514.208 1253.032
-1073.700 513.039 1254.497
-1074.676 514.929 1252.844
-1073.781 513.449 1254.257
-1073.274 514.400 1254.317
-1073.639 514.406 1253.942
-1073.343 514.328 1254.301
-1073.613 514.099 1254.178
-1073.845 514.897 1253.617
-1072.470 513.885 1255.226
-1073.254 513.014 1254.796
-1073.688 514.042 1254.181
-1072.983 514.715 1254.511
-1073.217 514.638 1254.228
-1073.952 511.678 1254.778
-1073.758 514.083 1254.033
-1072.927 513.564 1254.890
-1073.515 513.414 1254.432
-1074.837 514.276 1252.918
-1072.647 514.627 1254.820
-1073.713 513.670 1254.158
-1073.647 512.622 1254.617
-1072.821 513.981 1254.927
-1073.618 513.093 1254.489
-1074.430 514.893 1253.031
-1073.692 514.155 1254.026
-1075.002 513.613 1252.992
-1074.718 513.551 1253.362
-1073.134 514.055 1254.565
-1074.615 513.873 1253.305
-1074.066 513.765 1253.836
-1074.282 513.787 1253.629
-1072.438 513.234 1255.550
-1073.934 513.437 1254.117
-1074.372 513.849 1253.496
-1074.176 514.095 1253.567
-1074.225 513.122 1253.923
-1072.726 514.305 1254.875
-1074.107 514.813 1253.374
-1072.631 513.231 1255.300
-1074.167 514.575 1253.441
-1073.434 514.012 1254.353
-1072.526 514.304 1255.120
-1074.436 514.506 1253.216
-1073.667 515.532 1253.542
-1072.592 513.953 1255.138
-1073.300 514.413 1254.347
-1074.667 514.535 1253.019
-1073.746 513.687 1254.193
-1072.801 513.969 1254.889
-1073.369 513.344 1254.642
-1073.109 513.653 1254.729
-1074.204 514.499 1253.417
-1073.870 514.402 1253.750
-1073.558 513.436 1254.486
-1073.833 513.769 1254.051
-1074.337 513.441 1253.640
-1072.916 514.558 1254.596
-1073.577 513.349 1254.402
-1072.730 514.296 1254.875
-1072.757 512.921 1255.373
-1073.166 513.586 1254.707
-1073.941 514.075 1253.763
-1072.793 513.965 1254.884
-1074.175 513.459 1253.912
-1073.716 514.072 1253.970
-1074.193 514.482 1253.407
-1073.938 514.073 1253.750
-1074.127 513.434 1253.867
-1073.671 514.133 1253.997
-1073.696 514.146 1254.027
-1073.394 514.077 1254.408
-1073.570 513.431 1254.492
-1073.191 513.320 1254.748
-1073.674 514.023 1254.157
-1073.433 514.001 1254.362
-1073.804 513.743 1254.016
-1074.067 514.898 1253.397
-1072.954 514.689 1254.476
-1073.384 514.072 1254.389
-1073.031 514.633 1254.493
-1073.354 514.714 1254.150
-1073.895 514.415 1253.780
-1074.035 513.772 1253.819
-1073.566 514.342 1254.108
-1073.181 514.716 1254.288
-1072.725 514.292 1254.848
-1073.063 514.382 1254.552
-1074.324 514.187 1253.499
-1073.756 514.082 1254.019
-1073.405 513.986 1254.318
-1074.181 514.097 1253.558
-1073.392 513.981 1254.322
-1072.906 513.650 1254.960
-1072.791 513.963 1254.870
-1073.775 513.713 1254.227
-1073.616 514.479 1253.985
-1072.721 512.902 1255.324
-1074.125 514.822 1253.398
-1073.819 513.362 1254.220
-1073.212 514.709 1254.305
-1073.516 514.802 1253.942
-1073.413 513.990 1254.324
-1074.336 512.805 1253.986
-1074.402 513.853 1253.526
-1074.542 514.198 1253.278
-1072.899 513.646 1254.955
-1074.913 514.938 1252.635
-1073.413 513.990 1254.324
-1073.748 514.078 1254.014
-1074.391 514.494 1253.175
-1073.516 514.802 1253.942
-1073.406 513.999 1254.345
-1073.018 513.969 1254.677
-1073.106 515.419 1254.076
-1074.115 514.817 1253.379
-1073.913 513.048 1254.285
-1073.033 513.976 1254.688
-1072.568 514.682 1254.826
-1073.698 515.145 1253.729
-1073.591 513.345 1254.422
-1073.758 513.826 1254.048
-1074.421 513.851 1253.537
-1073.305 514.309 1254.275
-1074.044 513.765 1253.812
-1073.501 514.794 1253.931
-1074.141 513.453 1253.890
-1072.815 513.966 1254.908
-1074.284 514.167 1253.458
-1075.154 512.830 1253.180
-1073.290 513.008 1254.804
-1074.107 514.411 1253.540
-1073.507 514.787 1253.945
-1073.956 514.083 1253.774
-1074.024 515.132 1253.328
-1073.966 514.088 1253.793
-1073.289 514.291 1254.273
-1072.947 514.685 1254.471
-1072.815 513.966 1254.908
-1074.450 514.503 1253.235
-1073.638 514.395 1253.951
-1073.657 514.394 1253.962
-1073.215 515.736 1253.779
-1073.343 514.051 1254.348
-1072.939 514.681 1254.465
-1073.325 514.321 1254.313
-1074.289 513.780 1253.643
-1073.698 514.795 1253.708
-1073.733 515.447 1253.521
-1072.441 513.859 1255.192
-1073.645 514.388 1253.965
-1073.358 514.059 1254.359
-1073.151 513.579 1254.697
-1073.606 513.342 1254.441
-1073.320 514.317 1254.285
-1073.733 514.801 1253.730
-1073.273 513.658 1254.599
-1073.347 514.064 1254.353
-1073.172 515.090 1254.098
-1073.022 514.362 1254.512
-1073.374 514.066 1254.370
-1073.657 514.394 1253.962
-1073.208 513.352 1254.776
-1072.639 514.612 1254.824
-1073.375 514.077 1254.360
-1073.194 513.322 1254.761
-1073.882 513.031 1254.228
-1074.003 514.012 1253.769
-1072.636 513.233 1255.291
-1074.357 515.218 1253.004
-1074.043 513.754 1253.821
-1072.710 514.285 1254.837
-1073.530 513.421 1254.443
-1073.405 515.108 1253.888
-1073.574 514.067 1254.124
-1074.213 514.494 1253.445
-1073.596 514.469 1253.983
-1073.596 514.469 1253.983
-1073.718 514.063 1253.993
-1073.539 514.707 1253.894
-1072.839 513.990 1254.951
-1073.110 515.041 1254.238
-1073.814 514.480 1253.762
-1073.875 513.027 1254.223
-1073.321 514.051 1254.323
-1073.128 514.040 1254.547
-1073.100 514.027 1254.539
-1073.630 513.098 1254.486
-1073.974 514.092 1253.798
-1073.682 514.407 1253.992
-1073.052 513.997 1254.703
-1073.106 514.319 1254.511
-1073.338 514.326 1254.310
-1072.399 514.601 1255.020
-1073.908 513.044 1254.257
-1073.256 513.365 1254.831
-1073.330 513.029 1254.844
-1074.223 513.120 1253.909
-1073.219 513.336 1254.791
-1072.964 513.317 1254.976
-1072.088 513.149 1255.840
-1074.460 513.129 1253.700
-1073.425 515.117 1253.890
-1073.511 514.800 1253.950
-1073.736 514.072 1254.017
-1072.859 515.013 1254.424
-1073.686 514.141 1254.008
-1072.650 514.629 1254.834
-1073.257 514.648 1254.277
-1073.974 512.693 1254.275
-1072.720 514.291 1254.856
-1073.750 513.700 1254.198
-1072.707 514.285 1254.860
-1073.803 513.341 1254.182
-1073.598 514.737 1253.959
-1072.661 513.246 1255.321
-1073.853 514.404 1253.717
-1073.878 514.417 1253.746
-1073.744 514.087 1254.013
-1073.288 514.786 1254.144
-1072.655 514.630 1254.826
-1075.296 513.555 1252.761
-1073.155 512.678 1255.071
-1073.885 514.410 1253.760
-1073.311 514.691 1254.096
-1073.791 513.347 1254.177
-1073.956 514.083 1253.774
-1073.002 514.350 1254.474
-1073.751 514.080 1254.028
-1074.031 512.734 1254.353
-1074.395 513.860 1253.512
-1073.999 514.105 1253.828
-1073.445 515.129 1253.928
-1074.377 513.462 1253.681
-1073.229 513.341 1254.810
-1075.463 514.293 1252.372
-1074.591 512.728 1253.728
-1072.644 515.016 1254.650
-1073.214 514.625 1254.223
-1074.142 513.442 1253.877
-1073.432 513.733 1254.386
-1074.251 513.114 1253.949
-1073.334 514.704 1254.148
-1074.352 515.216 1253.012
-1073.872 513.779 1254.100
-1073.682 513.030 1254.473
-1073.504 513.674 1254.375
-1073.578 514.460 1253.959
-1073.553 513.432 1254.458
-1073.889 514.422 1253.765
-1074.139 514.562 1253.433
-1074.309 514.180 1253.488
-1073.457 513.747 1254.416
-1073.622 513.986 1254.107
-1073.300 514.413 1254.347
-1074.294 514.172 1253.478
-1073.230 513.352 1254.801
-1074.548 514.580 1253.099
-1072.901 513.257 1255.125
-1072.958 514.701 1254.481
-1074.042 513.765 1253.834
-1073.233 514.368 1254.286
-1073.915 514.170 1253.833
-1073.895 513.038 1254.261
-1073.208 514.718 1254.304
-1073.384 514.072 1254.389
-1073.658 514.407 1253.989
-1073.380 514.081 1254.388
-1073.313 513.022 1254.856
-1073.299 514.402 1254.356
-1072.738 514.300 1254.881
-1073.393 514.466 1254.215
-1073.958 514.084 1253.788
-1073.434 513.735 1254.400
-1072.202 514.211 1255.435
-1073.606 513.342 1254.441
-1074.281 513.882 1253.701
-1073.510 513.689 1254.394
-1073.153 514.056 1254.613
-1073.805 513.365 1254.200
-1074.561 512.819 1253.770
-1073.740 512.306 1254.646
-1072.966 513.306 1254.963
-1073.392 513.981 1254.322
-1072.796 513.967 1254.897
-1074.664 512.498 1253.827
-1073.824 513.755 1254.055
-1073.943 514.077 1253.777
-1074.064 513.765 1253.859
-1074.461 513.142 1253.727
-1074.695 513.540 1253.346
-1074.095 513.039 1254.015
-1073.661 513.760 1254.175
-1073.416 514.005 1254.365
-1073.985 514.087 1253.804
-1073.884 514.788 1253.576
-1073.245 514.374 1254.282
-1073.787 515.124 1253.538
-1074.107 513.425 1253.864
-1074.473 514.916 1253.085
-1073.306 513.675 1254.634
-1073.655 512.626 1254.622
-1074.359 515.220 1253.018
-1073.904 513.031 1254.253
-1072.424 514.614 1255.049
-1074.130 514.824 1253.390
-1074.633 513.882 1253.329
-1073.930 513.044 1254.282
-1074.171 513.468 1253.912
-1074.071 513.769 1253.864
-1073.689 514.400 1254.006
-1074.094 513.780 1253.880
-1073.979 514.094 1253.790
-1074.315 512.796 1253.983
-1073.685 513.032 1254.487
-1073.751 514.080 1254.028
-1073.976 514.094 1253.812
-1074.228 513.124 1253.937
-1073.266 513.263 1254.751
-1073.186 514.718 1254.279
-1072.618 514.346 1254.837
-1074.193 514.482 1253.407
-1072.813 513.964 1254.895
-1073.968 514.077 1253.780
-1074.737 514.197 1253.041
-1074.690 514.915 1252.873
-1073.509 513.678 1254.403
-1073.288 513.666 1254.610
-1073.112 514.312 1254.525
-1072.957 514.691 1254.490
-1072.115 514.273 1255.427
-1072.878 513.637 1254.952
-1072.662 515.025 1254.674
-1074.209 514.503 1253.445
-1073.610 513.991 1254.101
-1074.134 513.438 1253.872
-1074.023 513.850 1253.882
-1073.871 514.413 1253.741
-1073.208 513.987 1254.577
-1074.165 512.807 1254.101
-1073.897 514.404 1253.766
-1074.175 513.353 1253.849
-1073.601 513.351 1254.441
-1074.748 513.461 1253.320
-1073.636 514.004 1254.130
-1075.142 512.825 1253.183
-1073.611 514.477 1253.994
-1073.660 513.018 1254.457
-1073.153 514.701 1254.244
-1073.625 513.988 1254.120
-1073.801 513.341 1254.205
-1074.062 513.774 1253.836
-1073.093 513.912 1254.680
-1073.263 514.774 1254.150
-1072.627 514.617 1254.818
-1073.880 514.151 1253.784
-1074.024 513.756 1253.809
-1073.158 514.057 1254.604
-1073.899 514.406 1253.780
-1072.844 515.006 1254.413
-1073.894 513.416 1254.077
-1073.498 513.661 1254.393
-1072.676 513.645 1255.175
-1073.484 513.665 1254.373
-1073.343 514.051 1254.348
-1073.682 513.030 1254.473
-1073.528 513.676 1254.414
-1073.991 514.101 1253.823
-1074.112 513.427 1253.856
-1073.047 515.372 1254.230
-1073.154 513.665 1254.769
-1073.753 515.202 1253.575
-1074.134 513.438 1253.872
-1072.521 512.901 1255.569
-1073.652 514.392 1253.971
-1073.019 513.334 1255.036
-1073.737 514.083 1254.008
-1072.959 514.693 1254.504
-1073.246 513.254 1254.748
-1073.393 513.992 1254.313
-1074.267 513.779 1253.618
-1073.620 513.997 1254.120
-1072.944 512.917 1255.131
-1072.633 513.220 1255.286
-1072.818 513.968 1254.922
-1072.886 515.018 1254.476
-1073.595 514.458 1253.992
-1073.524 513.323 1254.365
-1073.540 514.318 1254.087
-1073.797 513.361 1254.195
-1073.785 514.733 1253.717
-1073.664 513.740 1254.185
-1072.552 513.944 1255.088
-1073.411 513.724 1254.384
-1073.045 514.373 1254.528
-1073.286 514.289 1254.260
-1073.342 513.954 1254.262
-1075.014 513.608 1252.998
-1073.507 514.787 1253.945
-1074.218 514.496 1253.437
-1073.322 514.308 1254.308
-1073.423 513.996 1254.343
-1074.151 513.437 1253.905
-1073.510 513.667 1254.389
-1073.876 515.805 1253.277
-1073.758 514.083 1254.033
-1073.575 512.936 1254.577
-1073.341 514.049 1254.334
-1074.199 514.497 1253.426
-1073.043 513.251 1254.980
-1073.765 514.074 1254.011
-1073.907 514.164 1253.792
-1073.289 514.407 1254.328
-1074.042 513.765 1253.834
-1073.991 514.101 1253.823
-1073.676 514.414 1253.978
-1074.215 514.494 1253.423
-1074.240 513.119 1253.943
-1073.730 514.068 1253.990
-1073.085 513.908 1254.675
-1074.237 513.117 1253.929
-1073.504 513.397 1254.422
-1073.660 513.750 1254.184
-1073.808 513.367 1254.214
-1073.585 514.732 1253.962
-1073.881 514.419 1253.760
-1073.115 514.035 1254.550
-1073.586 514.721 1253.949
-1073.719 513.685 1254.177
-1074.301 514.176 1253.483
-1072.464 514.261 1255.051
-1073.382 513.975 1254.302
-1074.584 513.847 1253.293
-1073.902 513.029 1254.239
-1072.722 514.293 1254.870
-1073.256 514.391 1254.293
-1073.284 513.273 1254.775
-1073.781 514.826 1253.775
-1072.646 514.616 1254.829
-1072.805 513.962 1254.925
-1073.677 514.042 1253.952
-1073.603 513.987 1254.095
-1073.546 514.054 1254.117
-1073.490 514.778 1253.921
-1073.052 514.366 1254.542
-1073.336 514.047 1254.343
-1074.410 513.116 1253.667
-1073.067 515.020 1254.220
-1073.000 514.238 1254.642
-1073.917 515.440 1253.266
-1074.275 515.160 1253.142
-1074.158 513.462 1253.915
-1072.400 514.212 1255.213
-1073.839 514.493 1253.792
-1073.271 514.387 1254.312
-1072.730 514.296 1254.875
-1073.504 513.676 1254.411
-1072.627 514.617 1254.818
-1073.344 514.062 1254.339
-1073.812 515.137 1253.567
-1073.386 514.074 1254.402
-1074.521 514.454 1253.238
-1073.235 515.016 1254.091
-1073.360 514.327 1254.335
-1074.129 513.436 1253.880
-1072.316 514.923 1255.010
-1073.114 512.535 1255.186
-1074.270 513.781 1253.632
-1074.205 514.490 1253.440
-1073.701 514.150 1254.054
-1073.573 514.737 1253.956
-1073.927 513.044 1254.305
-1073.567 513.345 1254.419
-1074.213 514.494 1253.445
-1072.381 514.192 1255.197
-1073.467 513.752 1254.435
-1074.574 512.805 1253.798
-1074.789 513.226 1253.411
-1074.219 514.506 1253.428
-1072.712 513.664 1255.224
-1073.229 513.730 1254.617
-1073.492 514.780 1253.935
-1074.470 513.526 1253.562
-1073.131 514.055 1254.588
-1073.173 513.335 1254.763
-1073.994 514.103 1253.836
-1074.442 513.144 1253.715
-1073.243 514.374 1254.305
-1072.939 513.304 1254.947
-1074.057 513.772 1253.844
-1073.455 513.747 1254.438
-1073.098 515.415 1254.071
-1072.396 514.591 1255.051
-1073.642 514.386 1253.952
-1074.136 513.429 1253.895
-1073.326 512.922 1254.790
-1074.440 513.120 1253.697
-1073.110 514.033 1254.558
-1073.664 515.044 1253.635
-1073.526 514.807 1253.961
-1073.420 513.996 1254.365
-1073.066 513.888 1254.659
-1073.774 512.692 1254.520
-1074.073 513.391 1254.048
-1073.178 513.594 1254.740
-1074.389 513.373 1253.627
-1073.354 514.068 1254.358
-1073.671 514.412 1253.986
-1073.439 513.737 1254.391
-1073.606 514.475 1254.002
-1072.938 513.570 1254.909
-1073.800 513.363 1254.209
-1074.075 513.782 1253.869
-1073.056 514.390 1254.538
-1073.351 514.334 1254.343
-1071.865 513.137 1256.069
-1073.118 514.037 1254.564
-1074.766 512.824 1253.552
-1074.509 514.181 1253.243
-1073.186 515.364 1254.071
-1073.203 513.594 1254.743
-1073.340 514.328 1254.324
-1073.370 514.075 1254.369
-1073.353 514.334 1254.320
-1073.809 513.356 1254.201
-1073.057 514.370 1254.569
-1074.835 514.531 1252.889
-1074.742 514.847 1252.860
-1074.215 512.717 1254.106
-1074.539 514.198 1253.300
-1073.657 514.396 1253.998
-1073.828 514.647 1253.672
-1074.195 512.716 1254.059
-1073.318 514.317 1254.308
-1073.224 513.254 1254.724
-1073.773 514.822 1253.770
-1074.271 513.147 1253.991
-1074.141 514.830 1253.409
-1074.357 513.453 1253.678
-1074.401 514.500 1253.194
-1074.390 513.469 1253.713
-1074.343 513.456 1253.659
-1072.846 515.008 1254.427
-1073.855 513.381 1254.269
-1073.019 513.334 1255.036
-1073.861 514.410 1253.758
-1072.808 513.973 1254.894
-1072.927 513.672 1254.989
-1073.976 514.094 1253.812
-1074.049 513.758 1253.848
-1073.670 514.401 1253.995
-1074.127 513.434 1253.867
-1074.237 513.764 1253.597
