32.578 -246.451 116.185
32.231 -246.493 117.225
32.525 -246.296 117.652
32.028 -246.767 118.000
32.006 -247.344 117.792
31.885 -247.378 117.762
31.606 -247.493 117.819
31.742 -247.256 117.972
31.743 -247.176 118.076
31.867 -246.774 118.176
31.936 -246.928 118.013
31.920 -246.644 118.287
32.034 -246.302 118.279
32.162 -246.160 118.142
32.258 -246.116 118.169
32.208 -246.043 118.383
32.398 -245.919 118.284
32.625 -245.750 118.209
32.458 -245.704 118.311
32.464 -245.501 118.405
32.682 -245.563 118.451
32.823 -245.475 118.261
32.703 -245.471 118.290
32.711 -245.605 118.279
32.803 -245.482 117.672
32.775 -245.391 117.853
32.781 -245.374 118.008
32.891 -245.054 117.948
33.130 -245.002 117.720
33.343 -244.919 117.502
33.903 -244.900 117.353
34.808 -244.730 116.987
35.334 -245.177 116.319
35.462 -245.189 116.281
36.278 -243.791 116.588
36.555 -243.321 116.293
36.645 -242.591 116.272
36.697 -242.787 115.385
36.644 -242.851 115.342
36.652 -242.409 115.396
36.818 -242.260 114.992
36.778 -241.757 115.493
36.934 -241.785 115.109
36.622 -241.730 114.882
36.395 -241.799 114.336
36.275 -241.536 113.668
35.975 -241.524 112.722
35.663 -241.254 112.428
35.537 -241.473 111.305
35.153 -241.268 111.407
35.341 -241.284 111.129
35.410 -240.958 111.310
35.522 -240.881 110.988
35.519 -240.871 111.166
35.422 -240.993 110.933
35.160 -241.058 110.927
35.362 -241.235 110.817
35.439 -241.239 110.655
35.166 -241.437 110.717
35.227 -241.479 110.834
35.303 -241.852 110.666
35.382 -241.745 110.151
35.319 -241.338 110.527
35.626 -241.022 110.313
35.645 -241.023 110.383
35.576 -240.733 110.460
35.581 -240.523 110.217
35.702 -240.599 110.099
35.751 -240.546 109.977
35.641 -240.270 110.100
35.801 -240.273 110.019
35.596 -240.051 110.259
35.728 -240.024 110.065
35.620 -240.208 109.808
35.482 -240.169 109.811
35.560 -240.178 109.521
35.512 -240.132 109.472
35.582 -240.040 109.511
35.685 -239.911 109.530
35.869 -239.841 109.390
35.778 -239.737 109.486
35.753 -239.692 109.415
35.810 -239.582 109.479
35.859 -239.623 109.347
36.087 -239.074 109.862
35.962 -239.065 109.865
36.054 -239.207 109.490
35.620 -239.152 109.614
35.900 -238.944 109.579
35.979 -238.719 109.628
36.181 -238.222 109.561
36.289 -237.842 109.655
36.517 -237.988 109.259
36.605 -237.792 109.300
36.631 -237.554 109.262
36.849 -237.677 108.989
36.906 -237.623 108.955
36.986 -237.642 108.972
36.905 -237.496 108.975
36.730 -237.544 109.004
36.633 -237.647 109.166
36.582 -237.722 108.874
36.693 -237.508 108.926
36.855 -237.533 108.776
36.789 -237.476 108.920
36.831 -237.487 108.772
36.792 -237.425 108.936
36.879 -237.652 108.708
36.820 -237.431 108.646
36.462 -237.349 108.690
36.523 -237.274 108.594
36.535 -237.083 108.699
36.595 -237.077 108.898
36.618 -236.816 109.329
37.061 -236.441 109.493
36.864 -236.347 109.745
37.208 -235.540 109.119
37.319 -235.325 108.579
36.973 -235.503 109.098
37.483 -235.178 108.788
37.565 -234.975 108.991
37.849 -234.415 109.669
38.103 -234.132 109.855
37.954 -234.463 109.853
37.579 -234.778 109.827
37.650 -235.053 109.602
37.467 -235.263 109.504
37.466 -235.476 109.382
37.573 -235.421 109.795
37.394 -235.102 110.084
37.228 -235.900 109.766
37.101 -236.169 109.701
36.953 -236.178 109.811
37.140 -236.096 109.741
37.214 -235.838 109.625
37.095 -236.030 109.421
37.089 -236.137 109.227
37.060 -236.127 109.030
37.086 -236.056 108.974
37.362 -235.804 109.178
37.419 -235.635 109.231
37.477 -235.140 108.852
37.619 -234.652 108.809
37.437 -234.697 108.890
37.708 -234.840 108.521
37.570 -234.359 109.018
37.824 -234.161 108.907
37.585 -234.089 109.091
37.469 -234.357 108.848
37.490 -234.645 108.564
37.480 -234.784 108.510
37.500 -234.653 108.557
37.480 -234.538 108.635
37.767 -234.311 108.627
37.539 -234.265 108.919
37.742 -234.278 108.893
37.767 -234.188 109.089
37.864 -233.942 109.313
38.044 -233.799 109.486
38.298 -233.645 109.545
38.341 -233.707 109.436
38.221 -233.570 109.674
38.175 -233.285 109.675
38.330 -233.542 109.385
38.289 -233.350 109.506
38.378 -233.179 109.750
38.405 -233.015 110.033
38.693 -233.104 109.788
38.558 -233.112 109.663
38.469 -233.109 109.746
38.613 -232.975 109.996
38.580 -232.931 109.914
38.505 -232.808 110.069
38.615 -232.866 109.882
38.614 -233.007 109.769
38.521 -232.998 109.893
38.577 -233.077 109.716
38.701 -232.956 109.707
38.616 -232.876 109.889
38.633 -232.795 110.150
38.580 -232.963 110.050
38.525 -232.781 110.199
38.636 -232.811 110.061
38.730 -232.622 110.178
38.687 -232.509 110.179
38.806 -232.561 110.032
38.818 -232.368 110.328
38.917 -232.317 110.229
38.934 -232.318 110.159
38.788 -232.252 110.233
38.884 -232.267 109.857
38.968 -231.744 109.853
39.054 -231.800 109.837
39.042 -231.949 109.638
39.051 -232.045 109.709
39.014 -231.843 109.804
39.211 -231.986 109.493
39.201 -231.770 109.760
39.344 -231.689 109.751
39.534 -231.593 109.742
39.657 -231.254 109.791
39.752 -231.209 109.912
39.498 -231.213 109.913
39.605 -231.254 109.829
39.448 -231.365 109.710
39.379 -231.235 109.779
39.456 -231.308 109.700
39.458 -231.310 109.609
39.646 -231.135 109.593
39.768 -230.934 109.415
39.747 -230.803 109.629
39.700 -230.775 109.542
39.749 -230.828 109.389
39.746 -230.939 109.207
39.668 -231.051 109.385
39.777 -230.973 109.178
39.526 -230.830 109.367
39.728 -230.848 109.112
39.683 -230.789 109.078
39.826 -230.810 108.938
39.758 -230.541 109.209
39.753 -230.453 109.087
39.770 -230.251 109.313
39.848 -230.113 109.302
39.864 -230.155 109.260
40.034 -230.129 109.383
40.005 -230.011 109.521
40.043 -230.108 109.302
39.998 -229.752 109.545
39.951 -229.757 109.274
40.169 -229.927 109.120
40.239 -229.860 109.235
40.238 -229.632 109.715
40.282 -229.716 109.743
40.310 -229.538 109.341
40.307 -229.364 109.009
40.299 -229.343 109.001
40.338 -229.534 108.472
40.333 -229.456 108.095
40.185 -229.530 107.973
40.023 -229.285 107.637
39.881 -228.997 106.826
39.703 -228.798 106.555
39.772 -228.755 106.570
39.649 -228.828 106.579
39.747 -228.558 107.052
39.873 -228.702 107.035
39.982 -228.584 107.098
39.959 -228.575 107.127
39.873 -228.397 107.331
39.962 -228.279 107.302
40.055 -228.160 107.158
40.137 -227.927 107.438
40.236 -228.038 107.283
40.299 -227.914 107.328
40.322 -227.924 107.317
40.482 -227.957 106.958
40.355 -227.897 107.002
40.572 -227.297 107.068
40.809 -226.861 106.996
40.965 -226.807 106.724
40.827 -226.610 106.977
40.999 -226.680 106.738
40.974 -226.632 106.903
41.182 -226.507 106.888
41.134 -226.603 106.796
41.096 -226.409 106.836
41.215 -226.307 106.752
41.347 -226.118 106.746
41.454 -226.098 106.605
41.447 -225.979 106.688
41.444 -226.021 106.562
41.445 -225.915 106.330
41.425 -225.764 106.319
41.599 -225.570 106.387
41.745 -225.393 106.461
41.781 -225.589 106.174
41.695 -225.217 106.338
41.732 -225.123 106.496
41.945 -224.832 106.691
42.342 -224.585 106.677
42.449 -224.549 106.463
42.245 -224.436 106.558
42.431 -224.515 106.432
42.302 -224.310 106.688
42.432 -224.303 106.618
42.494 -224.303 106.451
42.514 -224.304 106.339
42.475 -224.318 106.306
42.406 -224.173 106.506
42.289 -224.322 106.733
42.566 -224.186 106.828
42.710 -224.268 106.708
42.568 -224.468 106.562
42.348 -224.578 106.398
42.316 -224.634 106.198
42.094 -224.814 106.228
42.187 -224.591 106.077
42.358 -224.443 106.213
42.633 -224.073 106.328
42.674 -224.010 106.518
42.722 -223.888 106.468
42.935 -223.744 106.453
43.020 -223.730 106.271
42.935 -223.485 106.264
43.285 -223.197 105.996
43.176 -223.054 106.283
43.470 -222.759 106.289
43.653 -222.509 106.416
43.583 -222.485 106.167
43.536 -222.614 105.896
43.438 -222.616 106.048
43.681 -222.373 106.026
44.164 -221.552 106.181
44.316 -221.490 106.105
44.328 -221.588 105.907
44.175 -221.574 106.147
44.239 -221.629 106.263
44.316 -221.483 106.283
44.587 -221.003 106.347
44.618 -220.745 106.413
44.576 -220.750 106.412
44.645 -220.621 106.345
44.619 -220.481 106.262
44.914 -220.423 105.718
44.734 -220.591 105.884
44.682 -220.776 105.883
44.400 -221.506 105.828
44.406 -222.039 105.695
44.218 -222.062 105.854
44.097 -222.300 105.752
43.922 -222.547 105.857
43.967 -222.443 105.890
44.025 -222.289 106.547
44.330 -221.848 107.008
44.451 -221.852 107.019
44.462 -221.786 106.903
44.431 -221.443 106.797
44.611 -221.291 106.770
44.616 -220.890 106.946
44.723 -220.726 107.068
44.665 -220.736 107.006
44.701 -220.454 107.018
44.932 -220.155 106.928
44.963 -219.873 107.054
45.508 -219.128 106.961
45.250 -219.349 106.852
45.337 -219.509 106.549
45.375 -219.855 106.109
45.251 -219.467 106.460
45.459 -219.430 106.224
45.484 -219.238 106.488
45.346 -219.380 106.523
45.478 -219.438 106.429
45.621 -219.243 106.344
45.617 -219.045 106.417
45.658 -219.078 106.456
45.554 -219.117 106.513
45.639 -219.005 106.435
45.561 -218.986 106.473
45.803 -218.944 106.341
45.724 -219.076 106.394
45.627 -218.977 106.524
45.465 -219.002 106.385
45.569 -219.066 106.312
45.562 -218.954 106.450
45.344 -219.026 106.434
45.636 -218.603 106.439
45.774 -218.322 106.585
45.784 -218.344 106.599
45.901 -217.978 106.777
45.767 -218.138 106.807
45.582 -218.234 106.918
45.686 -218.473 106.695
45.713 -218.581 106.697
45.649 -218.547 106.835
45.624 -218.575 106.876
45.723 -218.626 106.714
45.727 -218.603 106.686
45.598 -218.537 106.845
45.630 -218.630 106.784
45.721 -218.650 106.714
45.700 -218.720 106.589
45.730 -218.552 106.649
45.860 -218.323 106.882
45.904 -218.283 107.000
46.102 -218.384 106.856
46.288 -217.873 107.159
46.752 -217.805 107.034
46.796 -218.285 107.068
46.859 -218.795 106.883
46.983 -219.039 106.781
47.311 -219.509 106.592
47.219 -219.962 106.809
47.875 -220.430 106.569
48.240 -220.321 106.995
48.740 -220.562 107.038
49.128 -221.451 106.799
48.949 -221.896 106.736
48.932 -222.006 106.750
48.994 -221.961 106.877
49.006 -222.078 107.092
49.194 -222.107 107.050
49.383 -222.298 106.962
49.314 -222.536 107.187
49.315 -222.071 107.357
49.388 -221.840 107.429
49.433 -221.539 107.391
49.371 -221.472 107.459
49.264 -221.081 107.508
49.345 -220.896 107.524
49.450 -220.294 107.535
49.741 -219.796 107.366
49.847 -219.282 107.445
50.065 -218.870 107.462
50.326 -218.561 107.385
50.062 -218.354 107.586
50.149 -218.599 107.066
50.095 -218.349 106.991
50.386 -218.243 106.530
50.574 -218.011 106.408
50.432 -217.900 106.505
50.470 -218.012 106.271
50.451 -217.738 106.292
50.318 -217.795 106.269
50.465 -217.840 106.155
50.453 -217.643 106.268
50.476 -217.601 106.144
50.499 -217.555 106.290
50.605 -217.409 106.105
50.530 -217.052 105.720
50.326 -216.878 106.025
50.408 -216.553 106.155
50.523 -216.440 106.102
50.776 -216.428 105.812
50.530 -216.313 105.904
50.599 -216.330 105.602
50.534 -216.005 105.854
50.571 -216.026 105.667
50.629 -215.914 105.648
50.660 -215.959 105.597
50.552 -216.170 105.501
50.464 -216.491 105.332
50.544 -216.547 105.060
50.432 -216.534 105.085
50.480 -216.298 105.141
50.599 -215.934 105.165
50.824 -215.999 105.256
50.871 -215.977 105.127
50.888 -215.984 105.073
50.867 -215.827 105.079
50.614 -215.582 105.402
50.871 -215.657 105.106
50.986 -215.742 105.017
50.879 -215.540 105.175
50.960 -215.343 105.286
51.081 -215.468 105.048
50.981 -215.403 105.047
50.955 -215.320 104.825
50.996 -215.132 104.539
51.108 -214.965 104.587
51.047 -214.868 104.406
51.209 -214.743 104.316
51.251 -214.583 104.375
51.367 -214.569 103.904
51.270 -214.459 103.891
51.280 -214.398 103.942
51.331 -214.314 103.860
51.371 -214.130 103.903
51.410 -214.041 104.000
51.444 -213.930 104.125
51.097 -213.792 104.438
51.174 -213.836 104.191
51.253 -213.662 104.085
51.129 -213.362 104.331
51.246 -213.262 104.192
51.254 -213.012 104.466
51.411 -212.924 104.709
51.284 -212.773 105.232
51.251 -212.753 105.759
51.384 -212.753 105.649
51.451 -212.363 105.803
51.549 -212.150 105.697
51.501 -212.055 105.828
51.495 -211.595 106.237
52.033 -211.340 106.284
51.976 -211.287 106.332
51.759 -211.359 107.309
51.523 -211.407 107.912
51.753 -210.491 109.052
51.481 -209.517 110.784
51.243 -209.828 111.027
51.369 -210.094 110.953
51.538 -210.052 110.793
50.895 -210.170 111.189
50.696 -210.797 111.094
50.695 -210.199 111.439
50.960 -209.301 111.666
51.431 -208.735 111.135
51.774 -208.228 110.963
51.871 -207.728 110.865
52.303 -207.188 110.649
52.202 -207.231 110.627
52.437 -206.984 110.617
52.640 -206.735 110.764
52.618 -206.741 110.474
52.537 -206.636 110.552
52.351 -207.068 110.340
52.736 -206.452 110.727
52.902 -206.425 110.756
52.796 -206.555 110.773
52.839 -206.650 110.499
52.562 -206.767 110.606
52.813 -206.822 110.185
52.645 -206.437 110.345
52.679 -206.147 110.451
52.719 -205.967 110.393
52.932 -205.293 110.558
53.053 -205.445 110.325
53.063 -205.374 110.371
52.939 -205.186 110.485
53.148 -205.116 110.359
53.121 -204.912 110.407
53.127 -205.089 110.324
53.112 -204.952 110.554
53.240 -204.619 110.838
53.354 -204.575 110.780
53.326 -204.985 110.712
53.318 -204.644 110.959
53.410 -204.712 110.820
53.217 -204.832 110.889
53.145 -205.171 110.784
53.066 -205.398 110.752
52.793 -205.824 110.484
52.612 -206.287 110.417
52.726 -206.115 110.544
53.012 -205.576 110.772
52.909 -205.620 110.940
52.688 -205.577 111.163
52.909 -205.269 110.999
52.915 -205.091 110.967
52.990 -204.934 110.958
53.065 -204.704 111.251
52.733 -204.523 111.631
52.693 -204.283 111.919
52.440 -203.757 112.475
52.772 -203.036 112.624
52.897 -203.124 112.449
52.802 -202.865 112.223
53.037 -202.441 112.248
52.981 -202.290 112.403
53.221 -201.939 112.596
53.395 -201.696 113.103
53.860 -201.065 113.418
54.170 -200.336 113.259
53.819 -201.025 112.945
53.835 -200.729 113.021
54.035 -201.066 112.713
54.028 -200.976 112.675
54.024 -200.763 112.773
54.057 -200.630 112.851
54.212 -200.537 112.631
54.418 -200.484 112.407
54.293 -200.323 112.683
54.406 -200.084 112.486
54.334 -199.907 112.813
54.397 -199.587 113.206
54.428 -200.088 112.797
53.874 -200.431 113.315
54.005 -200.819 113.112
53.918 -200.548 113.347
54.149 -200.315 113.250
54.158 -199.971 113.247
54.428 -199.271 113.164
54.317 -199.359 113.150
54.239 -199.848 112.208
54.045 -199.815 111.786
53.861 -200.284 111.232
53.889 -200.252 111.143
53.981 -200.558 111.019
53.690 -200.808 111.300
53.631 -201.295 111.272
53.385 -201.056 111.617
53.558 -201.104 111.613
53.422 -201.019 111.904
53.518 -201.351 111.719
53.603 -201.118 111.927
53.073 -201.702 112.252
53.070 -201.520 112.517
53.087 -201.236 113.035
52.981 -201.504 113.412
52.881 -201.463 113.331
52.340 -201.318 113.781
52.237 -201.251 113.103
51.889 -201.539 112.744
51.830 -201.230 112.959
51.850 -201.071 112.735
51.968 -200.659 111.628
52.136 -200.455 111.290
52.068 -199.846 111.545