-0.221 -0.322 0.685 0.615
-0.219 -0.325 0.680 0.620
-0.214 -0.327 0.676 0.625
-0.211 -0.331 0.672 0.628
-0.210 -0.333 0.669 0.630
-0.209 -0.334 0.669 0.630
-0.210 -0.334 0.669 0.630
-0.210 -0.334 0.669 0.630
-0.211 -0.334 0.669 0.629
-0.210 -0.332 0.670 0.629
-0.210 -0.334 0.670 0.629
-0.211 -0.332 0.670 0.629
-0.210 -0.332 0.671 0.629
-0.210 -0.331 0.670 0.630
-0.210 -0.332 0.671 0.629
-0.210 -0.330 0.671 0.630
-0.210 -0.330 0.671 0.629
-0.210 -0.330 0.671 0.629
-0.210 -0.331 0.672 0.629
-0.210 -0.330 0.672 0.629
-0.211 -0.330 0.672 0.628
-0.211 -0.330 0.672 0.629
-0.211 -0.329 0.672 0.629
-0.211 -0.331 0.673 0.627
-0.211 -0.332 0.673 0.626
-0.211 -0.332 0.672 0.627
-0.211 -0.332 0.672 0.627
-0.210 -0.331 0.673 0.627
-0.210 -0.332 0.673 0.627
-0.210 -0.332 0.674 0.626
-0.210 -0.332 0.675 0.625
-0.210 -0.331 0.675 0.625
-0.209 -0.331 0.676 0.625
-0.209 -0.331 0.676 0.625
-0.209 -0.327 0.677 0.625
-0.208 -0.325 0.679 0.625
-0.209 -0.323 0.679 0.625
-0.209 -0.323 0.679 0.625
-0.209 -0.322 0.680 0.624
-0.209 -0.322 0.680 0.625
-0.209 -0.322 0.680 0.625
-0.209 -0.320 0.681 0.624
-0.210 -0.321 0.681 0.624
-0.210 -0.320 0.683 0.622
-0.212 -0.319 0.685 0.620
-0.216 -0.318 0.686 0.617
-0.219 -0.317 0.689 0.614
-0.221 -0.317 0.689 0.613
-0.224 -0.317 0.691 0.611
-0.225 -0.317 0.690 0.610
-0.226 -0.316 0.690 0.611
-0.227 -0.316 0.690 0.611
-0.228 -0.316 0.690 0.610
-0.228 -0.316 0.689 0.611
-0.228 -0.316 0.690 0.610
-0.228 -0.316 0.690 0.610
-0.229 -0.316 0.690 0.610
-0.229 -0.317 0.689 0.610
-0.229 -0.317 0.689 0.610
-0.229 -0.318 0.689 0.609
-0.228 -0.317 0.690 0.609
-0.229 -0.319 0.689 0.610
-0.229 -0.317 0.690 0.609
-0.229 -0.317 0.690 0.609
-0.229 -0.317 0.690 0.609
-0.229 -0.316 0.691 0.608
-0.229 -0.316 0.691 0.609
-0.229 -0.317 0.691 0.608
-0.230 -0.316 0.691 0.609
-0.230 -0.316 0.691 0.608
-0.230 -0.316 0.691 0.608
-0.230 -0.316 0.692 0.608
-0.230 -0.316 0.692 0.608
-0.231 -0.316 0.692 0.607
-0.231 -0.317 0.692 0.607
-0.231 -0.318 0.692 0.606
-0.230 -0.318 0.691 0.607
-0.230 -0.318 0.691 0.607
-0.230 -0.318 0.691 0.607
-0.229 -0.318 0.691 0.607
-0.229 -0.318 0.691 0.607
-0.230 -0.318 0.691 0.607
-0.230 -0.318 0.691 0.607
-0.229 -0.318 0.690 0.608
-0.229 -0.316 0.691 0.609
-0.229 -0.318 0.691 0.607
-0.229 -0.317 0.691 0.608
-0.230 -0.317 0.691 0.608
-0.230 -0.317 0.691 0.608
-0.230 -0.317 0.691 0.607
-0.229 -0.316 0.692 0.607
-0.229 -0.315 0.692 0.608
-0.229 -0.315 0.692 0.608
-0.229 -0.315 0.692 0.607
-0.228 -0.316 0.693 0.607
-0.228 -0.317 0.692 0.607
-0.228 -0.316 0.693 0.607
-0.228 -0.316 0.693 0.607
-0.228 -0.315 0.693 0.607
-0.228 -0.317 0.693 0.606
-0.229 -0.316 0.693 0.606
-0.230 -0.314 0.694 0.606
-0.230 -0.315 0.694 0.606
-0.229 -0.316 0.694 0.605
-0.230 -0.316 0.694 0.605
-0.230 -0.316 0.693 0.606
-0.230 -0.316 0.693 0.606
-0.230 -0.316 0.693 0.606
-0.229 -0.317 0.693 0.606
-0.231 -0.317 0.692 0.606
-0.230 -0.316 0.692 0.607
-0.230 -0.316 0.692 0.607
-0.230 -0.316 0.692 0.606
-0.230 -0.315 0.693 0.606
-0.231 -0.314 0.693 0.607
-0.231 -0.313 0.693 0.607
-0.230 -0.313 0.694 0.607
-0.229 -0.313 0.694 0.606
-0.229 -0.313 0.693 0.607
-0.228 -0.312 0.693 0.608
-0.229 -0.311 0.693 0.609
-0.229 -0.309 0.695 0.608
-0.229 -0.308 0.695 0.608
-0.229 -0.309 0.694 0.608
-0.230 -0.309 0.694 0.608
-0.230 -0.310 0.694 0.608
-0.230 -0.311 0.694 0.607
-0.230 -0.311 0.694 0.607
-0.231 -0.309 0.695 0.607
-0.232 -0.309 0.695 0.607
-0.232 -0.309 0.695 0.606
-0.232 -0.311 0.695 0.606
-0.233 -0.311 0.694 0.606
-0.232 -0.310 0.695 0.606
-0.232 -0.309 0.695 0.606
-0.231 -0.310 0.695 0.606
-0.231 -0.312 0.695 0.606
-0.231 -0.313 0.694 0.606
-0.229 -0.314 0.694 0.606
-0.229 -0.313 0.695 0.606
-0.229 -0.312 0.694 0.607
-0.228 -0.314 0.693 0.607
-0.227 -0.314 0.693 0.608
-0.227 -0.314 0.694 0.607
-0.227 -0.314 0.693 0.608
-0.226 -0.313 0.694 0.608
-0.226 -0.313 0.693 0.608
-0.226 -0.313 0.694 0.608
-0.227 -0.314 0.693 0.608
-0.227 -0.314 0.693 0.608
-0.227 -0.315 0.692 0.608
-0.227 -0.314 0.693 0.608
-0.226 -0.315 0.693 0.608
-0.226 -0.314 0.693 0.608
-0.226 -0.314 0.693 0.608
-0.226 -0.314 0.692 0.609
-0.226 -0.314 0.692 0.610
-0.225 -0.314 0.692 0.610
-0.225 -0.314 0.692 0.610
-0.225 -0.314 0.692 0.610
-0.224 -0.314 0.692 0.610
-0.224 -0.313 0.692 0.611
-0.224 -0.314 0.692 0.611
-0.224 -0.314 0.691 0.611
-0.224 -0.314 0.691 0.611
-0.224 -0.313 0.691 0.612
-0.223 -0.312 0.692 0.611
-0.224 -0.313 0.691 0.612
-0.224 -0.314 0.691 0.611
-0.223 -0.313 0.691 0.612
-0.223 -0.313 0.690 0.613
-0.223 -0.314 0.691 0.612
-0.223 -0.313 0.691 0.612
-0.223 -0.314 0.690 0.613
-0.223 -0.313 0.691 0.612
-0.223 -0.313 0.690 0.613
-0.223 -0.314 0.690 0.613
-0.223 -0.314 0.690 0.613
-0.223 -0.314 0.691 0.612
-0.223 -0.313 0.690 0.613
-0.223 -0.313 0.690 0.613
-0.223 -0.313 0.691 0.612
-0.223 -0.314 0.690 0.612
-0.223 -0.313 0.691 0.613
-0.223 -0.313 0.691 0.613
-0.223 -0.313 0.690 0.613
-0.222 -0.313 0.691 0.613
-0.223 -0.312 0.691 0.613
-0.222 -0.313 0.691 0.613
-0.222 -0.312 0.691 0.613
-0.222 -0.312 0.691 0.613
-0.222 -0.313 0.691 0.612
-0.222 -0.313 0.691 0.613
-0.222 -0.314 0.691 0.613
-0.221 -0.314 0.691 0.613
-0.221 -0.314 0.691 0.612
-0.221 -0.314 0.690 0.613
-0.221 -0.314 0.691 0.613
-0.220 -0.313 0.691 0.613
-0.220 -0.314 0.691 0.613
-0.219 -0.314 0.691 0.613
-0.219 -0.314 0.691 0.613
-0.219 -0.315 0.691 0.613
-0.220 -0.315 0.690 0.613
-0.219 -0.316 0.691 0.613
-0.219 -0.316 0.691 0.612
-0.219 -0.316 0.691 0.612
-0.219 -0.317 0.691 0.612
-0.219 -0.316 0.692 0.611
-0.219 -0.316 0.691 0.612
-0.218 -0.316 0.692 0.612
-0.219 -0.316 0.691 0.612
-0.219 -0.316 0.691 0.612
-0.219 -0.317 0.691 0.612
-0.218 -0.317 0.691 0.611
-0.218 -0.317 0.691 0.612
-0.218 -0.318 0.691 0.611
-0.218 -0.317 0.691 0.612
-0.218 -0.317 0.691 0.612
-0.218 -0.317 0.691 0.612
-0.217 -0.317 0.691 0.612
-0.217 -0.317 0.691 0.612
-0.217 -0.317 0.690 0.613
-0.217 -0.317 0.691 0.613
-0.217 -0.318 0.690 0.612
-0.216 -0.318 0.690 0.613
-0.217 -0.317 0.690 0.614
-0.216 -0.317 0.689 0.614
-0.216 -0.317 0.689 0.615
-0.216 -0.318 0.688 0.615
-0.215 -0.318 0.688 0.616
-0.215 -0.317 0.688 0.616
-0.214 -0.319 0.686 0.618
-0.213 -0.318 0.685 0.619
-0.213 -0.318 0.686 0.619
-0.213 -0.319 0.686 0.618
-0.213 -0.318 0.687 0.617
-0.213 -0.318 0.688 0.617
-0.213 -0.318 0.689 0.616
-0.215 -0.317 0.689 0.615
-0.217 -0.316 0.689 0.615
-0.222 -0.313 0.689 0.615
-0.227 -0.311 0.690 0.613
-0.228 -0.312 0.689 0.614
-0.228 -0.311 0.689 0.614
-0.229 -0.309 0.689 0.614
-0.230 -0.308 0.689 0.614
-0.231 -0.309 0.689 0.614
-0.230 -0.308 0.689 0.614
-0.230 -0.308 0.689 0.614
-0.229 -0.309 0.689 0.614
-0.229 -0.308 0.689 0.615
-0.229 -0.307 0.689 0.615
-0.229 -0.308 0.689 0.615
-0.229 -0.308 0.689 0.615
-0.229 -0.309 0.688 0.615
-0.229 -0.309 0.688 0.615
-0.229 -0.309 0.688 0.615
-0.229 -0.308 0.688 0.616
-0.228 -0.308 0.689 0.615
-0.228 -0.308 0.689 0.615
-0.228 -0.308 0.690 0.614
-0.228 -0.308 0.689 0.615
-0.228 -0.307 0.690 0.615
-0.227 -0.308 0.690 0.615
-0.227 -0.309 0.690 0.614
-0.227 -0.308 0.690 0.615
-0.227 -0.307 0.690 0.615
-0.227 -0.308 0.690 0.614
-0.228 -0.307 0.690 0.615
-0.227 -0.308 0.691 0.614
-0.227 -0.308 0.690 0.614
-0.227 -0.309 0.690 0.614
-0.228 -0.309 0.690 0.614
-0.228 -0.308 0.690 0.614
-0.227 -0.308 0.691 0.614
-0.227 -0.309 0.691 0.613
-0.227 -0.308 0.691 0.614
-0.227 -0.308 0.690 0.614
-0.226 -0.307 0.691 0.614
-0.226 -0.307 0.691 0.615
-0.226 -0.307 0.691 0.614
-0.225 -0.307 0.691 0.614
-0.225 -0.308 0.690 0.615
-0.226 -0.307 0.691 0.614
-0.226 -0.307 0.691 0.615
-0.225 -0.307 0.691 0.615
-0.225 -0.308 0.691 0.614
-0.225 -0.308 0.690 0.615
-0.225 -0.307 0.691 0.614
-0.226 -0.308 0.691 0.614
-0.226 -0.307 0.691 0.615
-0.226 -0.307 0.691 0.615
-0.226 -0.307 0.691 0.614
-0.225 -0.308 0.691 0.614
-0.226 -0.308 0.691 0.614
-0.226 -0.308 0.691 0.614
-0.225 -0.308 0.691 0.614
-0.225 -0.308 0.691 0.614
-0.225 -0.308 0.691 0.614
-0.226 -0.308 0.691 0.614
-0.225 -0.307 0.691 0.614
-0.224 -0.308 0.691 0.614
-0.224 -0.307 0.691 0.615
-0.223 -0.307 0.692 0.614
-0.223 -0.307 0.692 0.615
-0.223 -0.307 0.692 0.615
-0.222 -0.306 0.692 0.615
-0.222 -0.306 0.692 0.615
-0.222 -0.306 0.692 0.615
-0.222 -0.306 0.692 0.615
-0.222 -0.306 0.692 0.615
-0.221 -0.306 0.692 0.616
-0.220 -0.305 0.692 0.616
-0.220 -0.304 0.692 0.616
-0.220 -0.304 0.692 0.616
-0.220 -0.305 0.692 0.616
-0.221 -0.304 0.692 0.616
-0.220 -0.304 0.692 0.616
-0.220 -0.304 0.693 0.616
-0.220 -0.303 0.693 0.616
-0.220 -0.303 0.693 0.616
-0.220 -0.303 0.693 0.616
-0.220 -0.303 0.693 0.615
-0.220 -0.303 0.694 0.615
-0.220 -0.303 0.695 0.614
-0.221 -0.303 0.694 0.615
-0.221 -0.305 0.694 0.614
-0.221 -0.304 0.694 0.614
-0.222 -0.305 0.694 0.614
-0.222 -0.305 0.694 0.614
-0.223 -0.305 0.694 0.613
-0.222 -0.305 0.693 0.614
-0.223 -0.303 0.694 0.614
-0.223 -0.303 0.693 0.615
-0.222 -0.303 0.693 0.615
-0.222 -0.303 0.693 0.615
-0.221 -0.304 0.693 0.615
-0.221 -0.303 0.693 0.615
-0.221 -0.303 0.693 0.616
-0.221 -0.303 0.693 0.615
-0.221 -0.303 0.693 0.615
-0.221 -0.303 0.693 0.616
-0.220 -0.302 0.693 0.616
-0.220 -0.302 0.694 0.616
-0.219 -0.301 0.694 0.616
-0.219 -0.302 0.694 0.616
-0.220 -0.302 0.694 0.616
-0.219 -0.303 0.694 0.616
-0.219 -0.303 0.694 0.615
-0.219 -0.303 0.693 0.616
-0.219 -0.302 0.694 0.616
-0.219 -0.302 0.694 0.616
-0.219 -0.303 0.694 0.615
-0.219 -0.302 0.694 0.616
-0.219 -0.303 0.694 0.616
-0.218 -0.302 0.694 0.616
-0.218 -0.303 0.694 0.616
-0.218 -0.303 0.694 0.615
-0.219 -0.302 0.694 0.616
-0.218 -0.303 0.694 0.616
-0.219 -0.303 0.694 0.616
-0.218 -0.302 0.694 0.616
-0.218 -0.303 0.694 0.616
-0.219 -0.303 0.694 0.616
-0.219 -0.303 0.694 0.616
-0.219 -0.303 0.694 0.615
-0.219 -0.301 0.695 0.616
-0.219 -0.301 0.695 0.615
-0.219 -0.301 0.695 0.615
-0.219 -0.300 0.695 0.616
-0.219 -0.301 0.695 0.615
-0.219 -0.301 0.694 0.615
-0.220 -0.301 0.694 0.616
-0.220 -0.301 0.694 0.616
-0.220 -0.301 0.694 0.616
-0.220 -0.302 0.694 0.615
-0.220 -0.301 0.694 0.615
-0.220 -0.302 0.694 0.615
-0.220 -0.301 0.695 0.615
-0.220 -0.302 0.695 0.615
-0.220 -0.302 0.694 0.615
-0.220 -0.302 0.694 0.615
-0.219 -0.301 0.695 0.615
-0.220 -0.301 0.695 0.615
-0.220 -0.300 0.695 0.616
-0.220 -0.300 0.695 0.615
-0.220 -0.300 0.696 0.615
-0.220 -0.301 0.695 0.615
-0.221 -0.301 0.695 0.615
-0.220 -0.302 0.695 0.614
-0.220 -0.303 0.695 0.614
-0.219 -0.305 0.695 0.613
-0.220 -0.306 0.694 0.613
-0.220 -0.306 0.695 0.613
-0.219 -0.306 0.695 0.613
-0.218 -0.308 0.694 0.613
-0.218 -0.311 0.694 0.612
-0.219 -0.312 0.694 0.611
-0.219 -0.312 0.693 0.612
-0.219 -0.312 0.694 0.611
-0.220 -0.312 0.693 0.612
-0.219 -0.313 0.693 0.611
-0.220 -0.314 0.694 0.610
-0.220 -0.313 0.694 0.610
-0.221 -0.311 0.694 0.611
-0.220 -0.311 0.694 0.611
-0.221 -0.310 0.693 0.612
-0.221 -0.307 0.694 0.612
-0.221 -0.305 0.694 0.613
-0.221 -0.304 0.694 0.614
-0.220 -0.304 0.694 0.614
-0.220 -0.305 0.695 0.613
-0.219 -0.305 0.695 0.613
-0.219 -0.303 0.696 0.613
-0.218 -0.304 0.696 0.613
-0.219 -0.304 0.696 0.613
-0.219 -0.305 0.696 0.613
-0.218 -0.304 0.696 0.613
-0.219 -0.306 0.696 0.612
-0.219 -0.305 0.696 0.612
-0.218 -0.306 0.696 0.612
-0.219 -0.305 0.696 0.612
-0.218 -0.305 0.696 0.612
-0.218 -0.306 0.696 0.612
-0.218 -0.306 0.695 0.612
-0.218 -0.306 0.696 0.613
-0.218 -0.306 0.695 0.613
-0.218 -0.306 0.695 0.613
-0.218 -0.305 0.695 0.614
-0.218 -0.306 0.695 0.613
-0.218 -0.306 0.694 0.614
-0.218 -0.305 0.695 0.614
-0.217 -0.305 0.695 0.614
-0.217 -0.306 0.695 0.613
-0.217 -0.306 0.695 0.613
-0.217 -0.306 0.695 0.613
-0.217 -0.306 0.696 0.613
-0.217 -0.306 0.696 0.613
-0.218 -0.306 0.695 0.613
-0.218 -0.307 0.695 0.613
-0.217 -0.306 0.695 0.613
-0.217 -0.308 0.695 0.612
-0.217 -0.309 0.695 0.612
-0.216 -0.309 0.695 0.612
-0.216 -0.308 0.695 0.613
-0.215 -0.308 0.695 0.613
-0.215 -0.307 0.695 0.613
-0.215 -0.308 0.695 0.613
-0.215 -0.308 0.695 0.614
-0.215 -0.307 0.695 0.614
-0.215 -0.308 0.694 0.614
-0.215 -0.308 0.695 0.614
-0.215 -0.309 0.694 0.614
-0.215 -0.308 0.694 0.614
-0.214 -0.309 0.695 0.614
-0.214 -0.308 0.694 0.615
-0.214 -0.308 0.694 0.614
-0.213 -0.309 0.695 0.613
-0.213 -0.310 0.695 0.613
-0.212 -0.309 0.695 0.614
-0.212 -0.310 0.695 0.613
-0.212 -0.309 0.695 0.613
-0.211 -0.310 0.695 0.614
-0.211 -0.310 0.695 0.613
-0.211 -0.310 0.694 0.614
-0.211 -0.310 0.695 0.614
-0.211 -0.311 0.694 0.614
-0.211 -0.311 0.694 0.614
-0.210 -0.311 0.694 0.615
-0.210 -0.311 0.693 0.615
-0.210 -0.312 0.692 0.616
-0.210 -0.313 0.692 0.616
-0.210 -0.312 0.692 0.616
-0.210 -0.312 0.692 0.617
-0.210 -0.312 0.691 0.617
-0.210 -0.312 0.691 0.617
-0.210 -0.311 0.691 0.618
-0.210 -0.311 0.689 0.620
-0.210 -0.310 0.688 0.621
-0.211 -0.310 0.688 0.621
-0.210 -0.309 0.689 0.621
-0.210 -0.308 0.689 0.621
-0.211 -0.308 0.689 0.621
-0.211 -0.307 0.689 0.622
-0.212 -0.306 0.690 0.621
-0.212 -0.305 0.689 0.623
-0.210 -0.305 0.686 0.627
-0.209 -0.303 0.682 0.632
-0.207 -0.298 0.679 0.637
-0.208 -0.296 0.674 0.645
-0.210 -0.297 0.672 0.645
-0.210 -0.297 0.672 0.645
-0.210 -0.297 0.672 0.645
-0.211 -0.298 0.671 0.645
-0.212 -0.299 0.671 0.645
-0.211 -0.299 0.669 0.647
-0.210 -0.299 0.668 0.648
-0.208 -0.299 0.668 0.649
-0.207 -0.298 0.669 0.649
-0.206 -0.299 0.669 0.648
-0.206 -0.299 0.670 0.647
-0.206 -0.299 0.670 0.647
-0.206 -0.299 0.670 0.647
-0.207 -0.298 0.671 0.647
-0.206 -0.299 0.670 0.647
-0.206 -0.299 0.671 0.647
-0.206 -0.299 0.670 0.647
-0.205 -0.299 0.671 0.647
-0.205 -0.298 0.671 0.647
-0.206 -0.298 0.670 0.648
-0.205 -0.300 0.670 0.648
-0.206 -0.300 0.670 0.648
-0.205 -0.301 0.670 0.647
-0.205 -0.301 0.670 0.647
-0.205 -0.301 0.670 0.647
-0.205 -0.300 0.670 0.647
-0.205 -0.299 0.670 0.648
-0.205 -0.300 0.669 0.648
-0.206 -0.300 0.670 0.648
-0.205 -0.300 0.670 0.647
-0.205 -0.299 0.670 0.648
-0.205 -0.300 0.670 0.648
-0.205 -0.300 0.670 0.648
-0.205 -0.300 0.669 0.648
-0.204 -0.300 0.669 0.649
-0.204 -0.300 0.668 0.650
-0.204 -0.299 0.669 0.649
-0.204 -0.299 0.668 0.650
-0.204 -0.299 0.669 0.649
-0.204 -0.299 0.668 0.650
-0.205 -0.299 0.668 0.650
-0.205 -0.301 0.668 0.650
-0.204 -0.302 0.667 0.650
-0.204 -0.302 0.667 0.650
-0.204 -0.301 0.666 0.652
-0.202 -0.301 0.665 0.653
-0.202 -0.301 0.664 0.654
-0.202 -0.301 0.664 0.654
-0.202 -0.301 0.664 0.654
-0.202 -0.303 0.664 0.654
-0.202 -0.303 0.662 0.655
-0.201 -0.303 0.660 0.657
-0.202 -0.304 0.659 0.658
-0.202 -0.304 0.658 0.659
-0.202 -0.305 0.655 0.661
-0.200 -0.304 0.655 0.662
-0.201 -0.305 0.655 0.661
-0.201 -0.306 0.654 0.662
-0.200 -0.305 0.654 0.663
-0.200 -0.304 0.654 0.663
-0.200 -0.305 0.654 0.663
-0.200 -0.303 0.654 0.663
-0.201 -0.300 0.655 0.663
-0.201 -0.300 0.656 0.662
-0.201 -0.300 0.656 0.663
-0.201 -0.301 0.656 0.663
-0.200 -0.300 0.656 0.663
-0.200 -0.301 0.656 0.663
-0.200 -0.302 0.656 0.663
-0.200 -0.301 0.655 0.663
-0.199 -0.301 0.656 0.663
-0.200 -0.301 0.655 0.663
-0.199 -0.301 0.655 0.664
-0.198 -0.302 0.655 0.664
-0.199 -0.302 0.655 0.664
-0.199 -0.301 0.655 0.664
-0.200 -0.302 0.655 0.663
-0.201 -0.301 0.654 0.664
-0.200 -0.301 0.656 0.663
-0.202 -0.301 0.655 0.663
-0.202 -0.301 0.655 0.663
-0.202 -0.300 0.656 0.662
-0.202 -0.301 0.657 0.661
-0.202 -0.301 0.657 0.662
-0.203 -0.302 0.656 0.661
-0.202 -0.303 0.657 0.660
-0.202 -0.305 0.657 0.659
-0.202 -0.306 0.657 0.659
-0.201 -0.306 0.655 0.660
-0.201 -0.307 0.655 0.661
-0.200 -0.308 0.654 0.662
-0.200 -0.307 0.653 0.662
-0.200 -0.307 0.653 0.663
-0.201 -0.308 0.653 0.662
-0.200 -0.308 0.652 0.663
-0.200 -0.307 0.652 0.664
-0.201 -0.308 0.651 0.664
-0.202 -0.307 0.651 0.664
-0.202 -0.306 0.649 0.667
-0.202 -0.305 0.648 0.668
-0.202 -0.305 0.648 0.668
-0.202 -0.308 0.645 0.670
-0.201 -0.309 0.644 0.671
-0.201 -0.310 0.643 0.671
-0.201 -0.311 0.642 0.672
-0.201 -0.310 0.642 0.672
-0.200 -0.313 0.644 0.669
-0.198 -0.313 0.644 0.669
-0.198 -0.315 0.641 0.671