284.840 42.585 269.673
284.301 42.950 269.453
284.181 43.255 269.215
284.007 43.934 269.038
283.789 44.237 269.066
283.908 44.487 269.020
283.845 44.880 269.070
283.711 45.345 269.105
283.796 45.575 269.033
283.853 45.889 269.081
283.699 46.195 269.156
283.828 46.576 269.056
283.635 46.672 269.117
283.661 47.033 269.056
283.653 47.217 268.987
283.565 47.411 268.938
283.471 47.623 268.942
283.196 48.051 268.846
283.340 48.324 268.774
283.166 48.859 268.781
282.951 49.365 268.605
282.766 49.318 268.578
282.783 49.172 268.526
282.809 49.178 268.548
282.811 49.018 268.564
282.854 48.733 268.520
282.853 48.666 268.471
282.993 49.001 268.428
282.896 49.268 268.418
282.756 49.590 268.422
282.641 50.342 268.461
282.488 50.398 268.443
282.540 50.937 268.290
282.334 51.244 268.306
282.404 51.417 268.162
282.402 51.534 268.207
282.323 51.985 268.230
282.297 52.347 268.149
282.327 52.754 268.145
282.291 53.286 268.265
282.102 53.681 268.324
282.360 53.863 268.155
282.082 53.885 268.301
282.350 54.271 268.319
282.224 54.546 268.418
282.188 54.853 268.339
282.161 54.996 268.461
282.188 55.152 268.537
282.185 55.310 268.604
282.202 55.650 268.480
282.171 56.021 268.422
281.932 56.294 268.473
281.884 56.815 268.451
282.049 56.966 268.440
281.961 57.151 268.557
282.013 57.390 268.363
282.040 57.651 268.552
282.242 57.919 268.617
282.354 58.220 268.756
282.336 58.748 268.700
282.249 58.864 268.658
282.147 59.016 268.609
282.213 59.085 268.752
