-0.495 0.422 0.422 -0.632
-0.494 0.421 0.422 -0.633
-0.492 0.420 0.425 -0.633
-0.491 0.419 0.424 -0.635
-0.492 0.419 0.423 -0.635
-0.491 0.419 0.425 -0.635
-0.491 0.420 0.425 -0.634
-0.491 0.420 0.426 -0.633
-0.490 0.420 0.427 -0.633
-0.491 0.421 0.426 -0.633
-0.491 0.421 0.426 -0.633
-0.490 0.421 0.426 -0.633
-0.489 0.420 0.428 -0.633
-0.489 0.419 0.428 -0.634
-0.488 0.418 0.429 -0.635
-0.488 0.417 0.429 -0.636
-0.486 0.415 0.430 -0.637
-0.486 0.416 0.431 -0.636
-0.484 0.415 0.432 -0.638
-0.484 0.413 0.431 -0.639
-0.483 0.413 0.433 -0.640
-0.483 0.413 0.433 -0.639
-0.483 0.413 0.433 -0.639
-0.483 0.412 0.433 -0.640
-0.483 0.412 0.432 -0.640
-0.482 0.411 0.432 -0.642
-0.483 0.412 0.432 -0.641
-0.482 0.410 0.431 -0.643
-0.483 0.412 0.431 -0.641
-0.482 0.410 0.431 -0.643
-0.481 0.411 0.431 -0.644
-0.482 0.411 0.429 -0.644
-0.481 0.411 0.431 -0.643
-0.480 0.410 0.430 -0.645
-0.481 0.410 0.430 -0.645
-0.480 0.410 0.429 -0.646
-0.480 0.411 0.429 -0.645
-0.480 0.410 0.427 -0.647
-0.479 0.411 0.428 -0.646
-0.480 0.411 0.429 -0.645
-0.479 0.411 0.428 -0.647
-0.479 0.410 0.427 -0.648
-0.479 0.411 0.426 -0.649
-0.478 0.410 0.428 -0.649
-0.477 0.412 0.428 -0.648
-0.477 0.410 0.431 -0.647
-0.476 0.409 0.434 -0.646
-0.476 0.410 0.431 -0.647
-0.476 0.409 0.432 -0.648
-0.476 0.410 0.430 -0.649
-0.475 0.410 0.431 -0.649
-0.474 0.410 0.431 -0.649
-0.473 0.410 0.431 -0.649
-0.473 0.410 0.432 -0.650
-0.472 0.410 0.432 -0.650
-0.471 0.410 0.432 -0.650
-0.471 0.409 0.433 -0.651
-0.471 0.410 0.433 -0.650
-0.470 0.410 0.433 -0.651
-0.469 0.409 0.432 -0.653
-0.469 0.410 0.432 -0.652
-0.468 0.410 0.432 -0.653
-0.467 0.410 0.432 -0.654
-0.466 0.410 0.432 -0.654
-0.465 0.409 0.433 -0.655
-0.465 0.410 0.432 -0.655
-0.464 0.409 0.432 -0.656
-0.464 0.410 0.432 -0.655
-0.464 0.410 0.432 -0.656
-0.463 0.409 0.433 -0.656
-0.463 0.409 0.434 -0.656
-0.463 0.408 0.434 -0.656
-0.463 0.409 0.433 -0.657
-0.462 0.408 0.434 -0.657
-0.461 0.409 0.435 -0.656
-0.461 0.408 0.435 -0.657
-0.460 0.408 0.434 -0.659
-0.460 0.408 0.433 -0.659
-0.459 0.407 0.436 -0.658
-0.459 0.408 0.435 -0.658
-0.459 0.408 0.435 -0.658
-0.457 0.407 0.436 -0.660
-0.457 0.407 0.436 -0.659
-0.456 0.408 0.436 -0.660
-0.455 0.406 0.438 -0.660
-0.455 0.406 0.437 -0.661
-0.455 0.407 0.437 -0.661
-0.455 0.405 0.438 -0.661
-0.456 0.403 0.438 -0.662
-0.454 0.402 0.440 -0.663
-0.454 0.401 0.441 -0.662
-0.454 0.403 0.441 -0.661
-0.453 0.402 0.441 -0.662
-0.453 0.402 0.442 -0.661
-0.453 0.402 0.442 -0.662
-0.452 0.402 0.443 -0.662
-0.452 0.401 0.442 -0.663
-0.452 0.402 0.442 -0.662
-0.451 0.401 0.443 -0.663
-0.451 0.401 0.444 -0.663
-0.450 0.400 0.444 -0.664
-0.450 0.401 0.444 -0.663
-0.449 0.400 0.445 -0.664
-0.449 0.399 0.444 -0.665
-0.448 0.398 0.444 -0.666
-0.447 0.398 0.444 -0.667
-0.447 0.398 0.446 -0.666
-0.446 0.397 0.445 -0.667
-0.445 0.398 0.448 -0.666
-0.445 0.398 0.447 -0.667
-0.444 0.397 0.447 -0.667
-0.443 0.396 0.448 -0.668
-0.444 0.397 0.448 -0.667
-0.443 0.398 0.448 -0.667
-0.443 0.397 0.448 -0.668
-0.441 0.397 0.449 -0.668
-0.441 0.397 0.449 -0.668
-0.443 0.397 0.447 -0.668
-0.443 0.397 0.448 -0.667
-0.446 0.399 0.446 -0.665
-0.448 0.402 0.446 -0.662
-0.453 0.408 0.441 -0.659
-0.460 0.412 0.437 -0.653
-0.465 0.416 0.434 -0.650
-0.470 0.418 0.431 -0.647
-0.475 0.423 0.429 -0.642
-0.480 0.426 0.426 -0.638
-0.489 0.433 0.419 -0.630
-0.495 0.438 0.415 -0.625
-0.499 0.443 0.410 -0.621
-0.504 0.447 0.407 -0.617
