383.669 250.821 172.049
383.880 250.431 171.848
384.363 247.966 171.644
384.998 247.425 171.989
385.020 247.198 172.070
385.154 247.208 171.827
384.893 247.409 171.753
384.850 247.370 171.456
385.131 247.224 171.537
384.968 246.679 171.074
385.336 245.643 171.445
385.500 244.452 171.566
385.580 243.163 171.812
386.131 241.954 172.248
386.657 241.192 172.507
387.146 239.718 172.720
387.677 238.401 172.876
387.840 237.281 172.544
388.475 235.435 172.668
388.492 234.170 172.739
388.576 233.154 173.056
388.760 232.036 172.769
388.900 231.025 172.839
389.194 230.294 172.831
389.379 229.313 173.210
389.534 228.806 173.247
389.308 228.098 173.458
389.371 227.498 173.609
389.101 226.575 173.654
389.328 226.161 173.735
389.332 225.351 174.030
389.333 224.891 173.943
389.564 224.209 173.979
389.808 223.464 174.071
389.571 223.356 174.194
389.762 222.769 174.341
389.567 222.079 174.644
389.312 220.556 174.806
389.195 219.837 174.449
389.146 219.127 174.556
389.586 218.672 174.797
389.760 218.420 174.979
389.825 217.707 175.148
389.949 217.210 175.073
390.204 216.898 175.114
390.364 215.456 174.474
390.283 214.525 174.228
390.388 214.199 174.367
390.491 213.441 174.659
390.411 212.845 175.060
390.308 212.332 175.116
390.377 211.589 175.069
390.399 210.819 175.339
390.543 210.377 175.087
390.705 209.593 174.988
391.072 208.652 174.969
391.298 208.066 175.107
391.277 207.354 175.035
391.644 206.576 175.140
391.580 206.138 175.511
391.451 205.378 175.671
391.408 204.570 175.433
391.269 204.083 175.342
391.101 203.371 175.621
391.426 202.203 175.692
391.493 201.624 175.703
391.513 200.831 175.739
391.555 199.916 175.901
391.780 199.310 175.723
391.939 198.717 175.822
392.088 198.550 175.381
392.091 197.931 175.497
392.174 197.329 175.727
392.157 196.534 175.475
391.940 195.489 175.442
392.251 194.938 175.583
392.290 194.443 175.682
392.272 193.492 175.760
392.124 192.691 175.668
392.109 191.908 175.528
392.158 191.314 175.298
392.234 190.772 175.366
392.082 189.911 175.493
392.212 189.011 175.640
392.388 188.484 175.530
392.492 187.696 175.330
392.621 186.904 175.491
393.035 185.615 175.559
393.632 184.598 175.681
393.753 183.506 175.316
393.655 182.603 175.267
393.423 181.544 174.947
393.083 180.600 175.156
393.283 179.554 175.073
393.584 179.059 174.907
393.715 178.184 175.126
393.954 177.330 175.375
394.037 176.723 175.212
394.371 175.964 175.075
394.444 175.391 175.147
394.682 174.544 174.910
394.635 173.641 174.981
394.858 173.142 174.950
395.218 172.323 175.330
395.534 171.551 175.565
395.592 170.793 175.648
395.667 169.768 175.607
395.918 168.838 175.176
395.525 167.500 175.101
395.829 166.971 174.876
395.892 166.375 175.135
395.975 165.806 175.060
395.957 164.731 175.099
396.043 163.750 175.178
396.089 163.199 175.100
396.529 162.200 174.918
396.437 161.451 175.350
396.541 161.554 175.162
396.527 161.441 175.107
396.365 161.407 175.236
396.033 161.883 175.116
395.640 162.750 175.000
395.192 163.176 174.883
394.945 163.461 174.897
394.914 163.879 174.937
394.658 164.378 174.882
394.509 164.610 175.008
394.180 165.636 174.955
393.973 166.564 174.907
393.812 167.400 174.887
393.709 168.255 174.796
