-0.479 0.530 0.473 -0.515
-0.478 0.531 0.472 -0.516
-0.477 0.529 0.473 -0.519
-0.475 0.529 0.475 -0.519
-0.475 0.529 0.475 -0.519
-0.474 0.527 0.476 -0.520
-0.473 0.528 0.477 -0.520
-0.472 0.529 0.477 -0.520
-0.472 0.529 0.477 -0.520
-0.472 0.527 0.478 -0.520
-0.472 0.526 0.478 -0.521
-0.472 0.527 0.478 -0.521
-0.471 0.526 0.479 -0.522
-0.471 0.526 0.479 -0.521
-0.470 0.527 0.479 -0.522
-0.469 0.527 0.478 -0.522
-0.469 0.528 0.477 -0.523
-0.468 0.529 0.477 -0.523
-0.468 0.528 0.477 -0.523
-0.468 0.529 0.477 -0.523
-0.468 0.528 0.478 -0.523
-0.468 0.528 0.478 -0.523
-0.467 0.528 0.478 -0.524
-0.466 0.526 0.481 -0.524
-0.467 0.527 0.479 -0.524
-0.466 0.528 0.478 -0.524
-0.466 0.528 0.479 -0.525
-0.465 0.528 0.478 -0.526
-0.465 0.528 0.478 -0.526
-0.465 0.528 0.478 -0.526
-0.464 0.529 0.478 -0.526
-0.464 0.529 0.477 -0.527
-0.465 0.530 0.477 -0.526
-0.465 0.530 0.478 -0.523
-0.465 0.530 0.478 -0.523
-0.465 0.530 0.479 -0.523
-0.465 0.530 0.478 -0.524
-0.464 0.529 0.478 -0.526
-0.463 0.528 0.479 -0.526
-0.462 0.528 0.479 -0.528
-0.462 0.529 0.480 -0.526
-0.461 0.529 0.480 -0.526
-0.461 0.530 0.479 -0.526
-0.461 0.531 0.479 -0.525
-0.460 0.532 0.478 -0.526
-0.459 0.532 0.478 -0.527
-0.459 0.532 0.478 -0.527
-0.458 0.532 0.478 -0.528
-0.458 0.532 0.478 -0.528
-0.457 0.530 0.480 -0.529
-0.456 0.531 0.481 -0.528
-0.456 0.532 0.479 -0.529
-0.456 0.532 0.479 -0.528
-0.456 0.533 0.479 -0.528
-0.454 0.532 0.480 -0.530
-0.454 0.532 0.480 -0.530
-0.452 0.531 0.482 -0.530
-0.452 0.531 0.481 -0.532
-0.451 0.531 0.479 -0.534
-0.450 0.534 0.476 -0.534
-0.449 0.535 0.477 -0.534
-0.448 0.534 0.476 -0.536
-0.447 0.534 0.476 -0.536
-0.446 0.534 0.477 -0.537
-0.445 0.534 0.477 -0.538
-0.444 0.535 0.477 -0.539
-0.442 0.536 0.475 -0.540
-0.440 0.538 0.475 -0.539
-0.440 0.535 0.477 -0.540
-0.439 0.534 0.480 -0.540
-0.439 0.534 0.480 -0.540
-0.438 0.535 0.482 -0.539
-0.437 0.535 0.482 -0.539
-0.436 0.535 0.483 -0.539
-0.436 0.535 0.484 -0.537
-0.436 0.535 0.485 -0.537
-0.437 0.534 0.485 -0.537
-0.436 0.534 0.486 -0.537
-0.434 0.535 0.486 -0.538
-0.431 0.536 0.486 -0.539
-0.434 0.534 0.487 -0.538
-0.434 0.533 0.489 -0.537
-0.436 0.530 0.488 -0.539
-0.436 0.530 0.483 -0.543
-0.435 0.531 0.483 -0.544
-0.435 0.534 0.482 -0.542
-0.434 0.536 0.480 -0.543
-0.435 0.541 0.476 -0.540
-0.435 0.544 0.471 -0.541
-0.435 0.545 0.471 -0.541
-0.434 0.545 0.471 -0.541
-0.434 0.544 0.472 -0.541
-0.434 0.544 0.473 -0.540
-0.431 0.546 0.471 -0.542
-0.434 0.543 0.472 -0.543
