294.156 216.607 276.816
294.114 215.978 276.841
294.413 215.255 276.676
294.528 214.695 276.386
294.482 214.259 276.474
294.813 213.698 276.466
294.841 213.403 276.324
294.779 213.096 276.093
294.875 212.754 276.050
294.929 212.204 276.204
295.230 212.051 276.053
295.188 211.929 275.986
295.438 211.667 276.046
295.494 211.231 275.897
295.470 210.786 276.039
295.566 210.653 275.945
295.643 210.749 276.002
295.687 210.603 276.042
295.889 210.205 276.039
295.832 209.842 275.953
295.826 209.511 275.942
295.960 209.302 275.785
296.039 209.231 275.774
296.163 208.729 275.840
296.232 208.635 275.917
296.242 208.674 275.785
296.306 208.469 275.861
296.461 208.561 275.939
296.553 208.561 275.876
296.670 208.258 275.991
296.763 208.118 275.957
296.897 208.123 276.010
296.748 207.926 276.001
296.229 207.661 275.700
296.168 207.567 275.723
296.175 207.393 275.546
295.935 206.942 275.674
296.126 206.506 275.689
296.167 205.522 275.899
296.258 205.315 275.734
296.135 204.794 275.586
296.231 204.621 275.510
296.117 204.530 275.469
296.032 204.425 275.374
296.163 204.312 275.339
296.182 203.884 275.391
296.255 203.785 275.486
296.335 203.573 275.600
296.430 203.327 275.632
296.508 202.820 275.607
296.570 202.528 275.400
296.640 202.278 275.320
296.590 201.887 275.478
296.491 201.640 275.384
296.656 201.219 275.299
296.641 200.975 275.217
296.777 200.318 275.107
297.016 200.314 275.195
297.215 200.116 275.656
297.215 200.352 275.836
297.429 199.763 275.832
297.563 199.398 276.031
297.713 199.110 275.921
297.772 198.881 275.877
297.838 198.406 275.958
297.913 198.315 275.996
298.073 198.279 275.946
297.925 197.178 275.704
298.132 196.125 275.507
298.236 195.383 275.414
298.184 195.087 275.358
298.087 194.409 275.013
298.077 194.370 274.805
298.061 193.567 274.745
297.828 193.055 274.839
297.877 192.511 274.753
298.014 192.236 274.590
298.061 191.980 274.557
298.009 191.819 274.606
298.229 190.540 274.244
298.466 189.042 274.358
298.572 188.733 274.119
299.004 188.355 274.802
299.784 189.506 275.830
299.779 189.407 275.771
299.559 189.335 275.576
299.383 189.507 275.842
299.113 190.409 275.853
299.236 191.108 276.025
299.159 190.794 276.246
299.246 190.295 275.996
299.542 189.755 275.989
299.416 189.210 275.934
299.812 188.180 275.718
300.585 187.234 276.112
