-1073.206 513.491 1254.154
-1072.560 513.051 1254.849
-1072.808 512.346 1254.923
-1073.144 513.556 1254.183
-1073.988 513.594 1253.408
-1073.437 512.121 1254.433
-1072.729 514.057 1254.437
-1073.125 512.413 1254.598
-1073.389 513.473 1253.907
-1073.606 512.848 1254.031
-1072.423 512.998 1255.092
-1073.487 512.134 1254.465
-1072.586 512.428 1255.202
-1072.976 513.444 1254.547
-1073.208 513.853 1254.180
-1073.599 513.204 1254.038
-1073.391 513.845 1253.910
-1072.680 512.369 1255.216
-1073.393 513.200 1254.256
-1073.637 513.993 1253.578
-1072.798 513.823 1254.486
-1073.679 512.883 1254.071
-1073.497 512.138 1254.448
-1073.576 513.193 1254.022
-1074.240 512.985 1253.545
-1072.661 513.102 1254.932
-1073.017 513.091 1254.525
-1073.851 513.612 1253.682
-1073.278 513.124 1254.359
-1073.897 512.894 1253.850
-1073.130 512.778 1254.638
-1072.865 513.762 1254.484
-1072.949 513.442 1254.530
-1073.268 513.509 1254.183
-1073.075 512.760 1254.578
-1073.410 513.843 1253.921
-1072.869 512.850 1254.868
-1073.191 512.445 1254.632
-1073.242 513.485 1254.162
-1073.841 513.617 1253.654
-1072.501 512.758 1255.169
-1073.559 513.195 1253.989
-1072.840 513.748 1254.454
-1072.167 512.659 1255.465
-1071.781 513.299 1255.607
-1073.340 512.804 1254.380
-1074.677 512.264 1253.363
-1071.977 513.417 1255.461
-1072.710 514.140 1254.449
-1074.377 513.706 1253.099
-1073.905 512.897 1253.855
-1073.509 513.531 1253.978
-1073.051 512.842 1254.598
-1074.047 512.234 1253.904
-1073.674 512.881 1254.079
-1073.450 514.255 1253.805
-1072.826 513.730 1254.431
-1073.906 513.277 1253.685
-1072.842 513.750 1254.468
-1072.228 513.728 1255.019
-1073.731 512.536 1254.068
-1072.226 512.689 1255.530
-1072.954 513.444 1254.522
-1072.769 514.464 1254.248
-1073.895 512.892 1253.836
-1073.621 512.959 1254.069
-1073.881 512.873 1253.812
-1073.896 513.271 1253.666
-1073.722 512.152 1254.233
-1073.283 513.117 1254.395
-1073.272 513.500 1254.183
-1071.741 513.291 1255.594
-1072.671 512.097 1255.234
-1072.651 514.389 1254.373
-1073.247 511.732 1254.818
-1073.103 513.893 1254.120
-1073.833 513.602 1253.658
-1072.333 512.009 1255.566
-1073.631 512.859 1254.025
-1073.300 513.153 1254.179
-1072.658 512.092 1255.238
-1072.422 513.069 1255.124
-1072.897 513.405 1254.480
-1073.158 513.805 1254.116
-1072.792 513.079 1254.777
-1073.620 512.842 1254.015
-1073.005 514.207 1254.099
-1073.548 513.178 1253.979
-1073.258 513.504 1254.164
-1073.021 512.827 1254.577
-1073.036 514.128 1254.048
-1072.027 512.327 1255.740
-1073.868 514.266 1253.339
-1072.918 513.148 1254.520
-1073.497 513.536 1253.972
-1073.461 513.518 1253.923
-1074.901 512.656 1252.964
-1073.233 513.102 1254.327
-1073.445 513.499 1253.922
-1073.013 514.222 1254.095
-1073.162 513.818 1254.121
-1074.054 512.227 1253.918
-1073.311 513.275 1254.252
-1072.962 513.171 1254.574
-1072.690 513.484 1254.779
-1073.801 513.596 1253.614
-1073.583 513.197 1254.028
-1072.647 513.105 1254.912
-1073.516 513.926 1253.826
-1073.286 512.873 1254.415
-1073.188 513.842 1254.141
-1073.749 513.944 1253.616
-1073.565 514.586 1253.526
-1072.892 513.509 1254.552
-1072.740 512.778 1254.951
-1074.182 512.955 1253.480
-1072.809 512.357 1254.914
-1074.069 512.902 1253.726
-1072.959 512.060 1255.016
-1073.508 513.922 1253.821
-1073.678 512.872 1254.080
-1073.234 513.587 1254.220
-1075.155 512.696 1252.782
-1073.088 512.766 1254.575
-1073.003 511.803 1255.081
-1072.594 512.432 1255.207
-1072.982 513.074 1254.513
-1073.407 513.586 1253.958
-1073.098 512.772 1254.594
-1073.348 512.786 1254.381
-1073.930 513.924 1253.356
-1073.453 513.503 1253.927
-1073.558 514.560 1253.517
-1072.882 513.397 1254.469
-1073.136 512.428 1254.572
-1073.836 513.252 1253.615
-1072.287 512.739 1255.390
-1072.987 513.078 1254.540
-1073.773 513.192 1253.763
-1072.315 512.000 1255.542
-1073.011 513.078 1254.543
-1073.229 513.089 1254.322
-1073.084 512.753 1254.570
-1072.888 512.097 1255.023
-1072.813 512.347 1254.914
-1074.043 513.609 1253.432
-1073.282 512.860 1254.410
-1073.241 511.717 1254.799
-1073.012 513.089 1254.534
-1072.493 512.742 1255.137
-1072.987 513.076 1254.504
-1072.897 513.489 1254.539
-1073.319 512.137 1254.718
-1073.744 512.798 1254.050
-1073.592 513.212 1254.024
-1072.698 514.512 1254.246
-1073.278 513.236 1254.213
-1073.326 511.387 1254.832
-1072.224 513.715 1255.014
-1073.684 512.885 1254.062
-1073.666 512.865 1254.047
-1073.322 511.396 1254.831
-1073.525 513.167 1253.963
-1073.208 513.574 1254.190
-1072.247 513.726 1255.030
-1073.917 511.895 1254.171
-1074.412 513.617 1253.049
-1073.103 513.893 1254.120
-1073.170 513.832 1254.117
-1073.910 513.290 1253.690
-1072.484 512.749 1255.145
-1074.109 513.280 1253.453
-1072.514 512.764 1255.166
-1073.826 513.219 1253.801
-1073.738 513.927 1253.606
-1073.723 513.931 1253.586
-1072.180 513.056 1255.306
-1072.585 512.437 1255.179
-1073.034 513.112 1254.563
-1072.872 512.388 1254.970
-1073.578 513.215 1254.004
-1072.604 513.728 1254.651
-1072.811 511.711 1255.259
-1073.517 513.546 1253.974
-1072.787 512.440 1254.948
-1072.718 513.147 1254.765
-1073.742 512.552 1254.078
-1072.708 513.029 1254.892
-1072.747 513.173 1254.799
-1074.539 514.450 1252.673
-1073.411 513.854 1253.912
-1073.772 512.556 1254.109
-1072.651 513.485 1254.720
-1073.438 513.856 1253.929
-1073.814 513.213 1253.804
-1073.331 513.909 1253.918
-1072.969 512.052 1255.008
-1073.040 513.102 1254.541
-1072.937 513.423 1254.484
-1073.895 512.892 1253.836
-1072.307 513.382 1255.034
-1072.951 513.165 1254.555
-1072.175 512.663 1255.471
-1073.036 512.834 1254.587
-1073.373 513.188 1254.218
-1073.181 512.450 1254.604
-1074.230 512.979 1253.526
-1073.413 512.457 1254.402
-1074.374 513.704 1253.085
-1073.791 513.591 1253.595
-1072.772 513.078 1254.730
-1072.932 512.045 1254.973
-1074.850 513.014 1252.957
-1072.738 513.156 1254.767
-1073.681 512.872 1254.057
-1073.238 513.103 1254.318
-1073.131 512.786 1254.593
-1073.465 512.217 1254.499
-1072.713 513.143 1254.737
-1073.331 513.179 1254.191
-1073.582 513.206 1254.005
-1073.781 511.185 1254.607
-1073.305 514.162 1253.850
-1072.745 513.037 1254.927
-1073.725 512.521 1254.050
-1073.078 512.866 1254.619
-1073.146 513.441 1254.271
-1073.158 512.534 1254.660
-1072.092 513.385 1255.259
-1073.356 513.192 1254.220
-1073.512 513.265 1253.994
-1073.720 513.527 1253.739
-1072.962 513.426 1254.523
-1072.588 513.816 1254.712
-1073.273 513.120 1254.331
-1072.651 512.343 1255.182
-1074.134 513.291 1253.447
-1073.907 512.897 1253.833
-1073.441 512.470 1254.410
-1073.334 512.789 1254.361
-1073.376 512.449 1254.367
-1071.998 513.688 1255.203
-1073.111 513.897 1254.125
-1073.988 512.576 1253.865
-1073.090 512.766 1254.552
-1072.674 512.744 1254.880
-1073.808 514.977 1253.138
-1072.819 512.444 1254.956
-1073.286 513.240 1254.218
-1073.309 512.142 1254.690
-1073.557 513.204 1253.966
-1072.873 512.766 1254.764
-1073.876 513.379 1253.718
-1072.663 512.370 1255.183
-1072.606 513.071 1254.845
-1073.622 512.864 1253.997
-1073.221 512.460 1254.653
-1073.924 513.284 1253.673
-1073.850 513.632 1253.651
-1073.660 512.883 1254.023
-1073.490 513.265 1253.969
-1072.499 512.754 1255.119
-1073.183 512.439 1254.590
-1073.442 512.872 1254.244
-1073.111 513.897 1254.125
-1073.199 512.068 1254.784
-1072.613 512.450 1255.187
-1073.263 513.505 1254.155
-1072.602 512.338 1255.104
-1073.203 512.450 1254.629
-1073.339 513.913 1253.923
-1073.212 513.842 1254.144
-1072.946 513.161 1254.527
-1074.118 513.528 1253.395
-1073.913 512.912 1253.851
-1072.636 513.477 1254.710
-1073.067 512.849 1254.609
-1072.949 513.418 1254.490
-1073.887 513.277 1253.638
-1072.552 512.783 1255.193
-1071.651 512.971 1255.865
-1072.762 513.073 1254.711
-1072.793 511.701 1255.235
-1072.445 514.371 1254.564
-1072.560 513.801 1254.669
-1073.346 513.186 1254.201
-1074.123 513.275 1253.437
-1073.325 514.174 1253.888
-1073.221 513.105 1254.285
-1072.880 513.490 1254.505
-1073.477 513.892 1253.737
-1074.119 513.284 1253.437
-1073.174 513.823 1254.118
-1073.829 513.609 1253.621
-1073.188 513.563 1254.152
-1073.697 513.904 1253.530
-1071.814 513.316 1255.642
-1073.287 513.506 1254.158
-1073.629 514.233 1253.530
-1073.610 513.197 1254.008
-1072.799 512.434 1254.954
-1073.267 512.850 1254.364
-1072.800 511.303 1255.405
-1073.200 513.836 1254.147
-1072.699 514.523 1254.237
-1072.899 512.111 1254.997
-1073.307 512.140 1254.677
-1072.832 512.840 1254.796
-1073.286 512.129 1254.638
-1073.898 513.271 1253.644
-1073.727 512.154 1254.224
-1073.418 513.858 1253.918
-1073.284 513.528 1254.184
-1073.663 512.863 1254.033
-1073.191 513.565 1254.166
-1073.351 513.188 1254.193
-1072.980 511.790 1255.029
-1071.715 511.982 1256.067
-1072.785 511.790 1255.266
-1073.197 512.457 1254.614
-1072.868 513.739 1254.458
-1073.237 513.492 1254.126
-1073.684 512.885 1254.062
-1073.179 512.448 1254.590
-1072.190 515.083 1254.475
-1072.252 513.728 1255.022
-1072.213 512.682 1255.497
-1073.329 514.553 1253.696
-1074.231 512.966 1253.477
-1073.321 511.879 1254.711
-1072.937 512.046 1254.964
-1074.467 511.989 1253.591
-1073.355 512.533 1254.401
-1074.122 514.673 1252.960
-1072.893 513.495 1254.502
-1072.916 513.423 1254.459
-1072.645 512.350 1255.167
-1072.332 513.395 1255.063
-1072.426 513.080 1255.092
-1073.251 513.511 1254.150
-1071.855 512.985 1255.625
-1072.330 513.393 1255.049
-1072.745 513.794 1254.413
-1072.829 513.730 1254.408
-1073.245 514.227 1253.858
-1072.393 513.063 1255.057
-1073.107 512.507 1254.601
-1073.122 512.409 1254.548
-1072.619 513.334 1254.827
-1073.290 513.510 1254.208
-1072.071 513.362 1255.230
-1073.585 514.306 1253.548
-1073.507 514.554 1253.426
-1072.454 514.109 1254.607
-1073.467 513.497 1253.911
-1073.438 512.457 1254.405
-1072.487 512.725 1255.082
-1072.473 512.741 1255.090
-1073.572 512.921 1253.997
-1073.106 513.895 1254.133
-1073.312 512.789 1254.336
-1073.916 513.024 1253.683
-1073.339 512.791 1254.353
-1073.792 512.565 1254.111
-1073.565 513.185 1253.967
-1073.326 513.260 1254.258
-1072.859 512.453 1255.005
-1072.807 513.084 1254.751
-1073.182 513.181 1254.331
-1073.289 513.145 1254.124
-1072.859 512.370 1254.946
-1073.055 514.232 1254.122
-1072.455 514.120 1254.598
-1072.740 512.681 1254.842
-1072.918 513.425 1254.473
-1073.325 513.164 1254.172
-1073.395 513.833 1253.875
-1073.493 513.521 1253.931
-1072.856 512.368 1254.932
-1072.280 513.741 1255.029
-1072.985 513.085 1254.481
-1073.051 512.840 1254.562
-1072.611 511.964 1255.293
-1072.925 512.030 1254.954
-1072.567 513.793 1254.683
-1073.520 513.524 1253.948
-1072.786 512.706 1254.910
-1072.328 513.402 1255.027
-1073.274 512.852 1254.333
-1073.335 512.800 1254.352
-1072.911 513.432 1254.459
-1073.194 513.578 1254.171
-1073.193 512.445 1254.609
-1073.753 513.583 1253.559
-1073.718 513.927 1253.559
-1073.859 513.992 1253.321
-1072.717 512.765 1254.899
-1073.188 513.585 1254.157
-1073.634 514.235 1253.522
-1072.167 513.048 1255.273
-1073.850 512.233 1254.127
-1074.665 512.267 1253.321
-1073.079 512.749 1254.542
-1072.554 513.786 1254.650
-1073.573 513.189 1253.973
-1073.889 512.888 1253.808
-1073.156 513.814 1254.093
-1072.985 513.085 1254.481
-1072.087 512.992 1255.424
-1072.863 513.481 1254.481
-1073.971 512.946 1253.671
-1073.385 514.230 1253.690
-1072.495 514.140 1254.638
-1073.214 513.576 1254.182
-1072.828 512.827 1254.791
-1072.474 512.998 1255.075
-1073.116 513.899 1254.116
-1073.054 512.842 1254.576
-1072.829 512.838 1254.782
-1072.283 512.355 1255.510
-1073.028 513.108 1254.536
-1073.679 512.881 1254.035
-1073.416 513.856 1253.904
-1072.790 514.208 1254.288
-1073.255 513.111 1254.307
-1073.518 513.172 1253.913
-1072.148 512.659 1255.418
-1073.394 512.845 1254.163
-1072.909 513.408 1254.441
-1072.290 513.384 1255.000
-1072.560 512.679 1255.099
-1072.352 514.441 1254.540
-1072.371 513.062 1255.032
-1073.232 512.197 1254.673
-1072.961 513.169 1254.538
-1073.245 513.496 1254.131
-1073.563 513.183 1253.954
-1072.656 512.088 1255.188
-1073.402 513.582 1253.931
-1072.893 513.390 1254.439
-1072.808 512.343 1254.887
-1073.458 513.505 1253.919
-1073.155 513.434 1254.263
-1073.130 513.421 1254.234
-1072.839 513.735 1254.427
-1072.920 513.137 1254.506
-1072.337 513.397 1255.055
-1071.671 514.747 1255.069
-1072.550 513.795 1254.650
-1072.251 513.715 1254.995
-1073.054 512.842 1254.576
-1072.403 513.068 1255.076
-1072.416 511.686 1255.540
-1074.028 513.599 1253.385
-1073.092 512.755 1254.539
-1073.886 512.875 1253.804
-1073.600 512.947 1254.031
-1073.891 513.268 1253.638
-1072.965 513.159 1254.538
-1072.224 512.593 1255.444
-1072.799 514.200 1254.280
-1073.779 512.560 1254.114
-1072.793 513.088 1254.732
-1071.797 511.918 1256.084
-1073.319 512.793 1254.342
-1073.583 513.195 1253.992
-1072.629 513.093 1254.852
-1073.127 512.796 1254.592
-1072.840 512.347 1254.895
-1073.576 513.191 1253.986
-1072.641 513.479 1254.701
-1073.056 512.369 1254.687
-1072.312 512.275 1255.481
-1073.175 512.435 1254.585
-1073.773 513.581 1253.571
-1072.771 512.419 1254.910
-1072.766 512.778 1254.931
-1073.113 512.131 1254.776
-1073.098 512.770 1254.558
-1073.769 512.163 1254.251
-1073.007 513.085 1254.506
-1073.566 513.196 1253.958
-1072.540 511.389 1255.662
-1073.940 513.928 1253.339
-1072.745 513.794 1254.413
-1073.069 512.849 1254.586
-1073.506 513.918 1253.771
-1072.961 512.046 1254.967
-1073.261 513.238 1254.179
-1073.196 512.444 1254.587
-1072.769 513.171 1254.788
-1072.535 513.787 1254.639
-1073.930 513.922 1253.320
-1073.932 513.924 1253.333
-1073.372 513.822 1253.859
-1071.779 513.308 1255.584
-1073.465 513.508 1253.924
-1072.932 513.419 1254.457
-1072.860 513.479 1254.467
-1072.667 512.996 1254.824
-1073.989 512.956 1253.695
-1072.992 514.477 1254.019
-1072.342 513.399 1255.046
-1073.069 514.142 1254.047
-1073.970 512.566 1253.841
-1073.450 513.501 1253.913
-1073.295 512.863 1254.371
-1073.209 512.463 1254.611
-1073.007 513.085 1254.506
-1073.233 513.100 1254.291
-1072.588 513.814 1254.676
-1071.706 513.633 1255.557
-1073.558 513.182 1253.962
-1073.427 512.865 1254.234
-1073.636 512.858 1253.980
-1072.120 513.398 1255.266
-1073.386 512.453 1254.350
-1072.542 513.791 1254.645
-1073.788 513.198 1253.738
-1073.723 512.530 1254.027
-1072.778 512.689 1254.878
-1074.303 514.029 1253.036
-1073.036 513.111 1254.541
-1073.363 514.304 1253.769
-1073.563 513.183 1253.954
-1073.821 513.606 1253.616
-1072.582 512.435 1255.165
-1072.395 513.065 1255.071
-1073.836 513.613 1253.627
-1072.751 514.455 1254.224
-1072.154 514.040 1254.965
-1071.659 512.583 1256.027
-1072.867 514.883 1254.032
-1072.824 513.728 1254.417
-1073.958 513.937 1253.363
-1073.782 513.207 1253.760
-1073.693 513.913 1253.529
-1073.573 513.189 1253.973
-1073.498 513.914 1253.766
-1073.422 512.472 1254.399
-1073.113 512.777 1254.568
-1073.025 514.214 1254.065
-1072.324 513.390 1255.022
-1073.521 514.550 1253.445
-1072.253 512.340 1255.489
-1072.217 515.086 1254.492
-1073.860 514.260 1253.297
-1073.719 512.539 1254.026
-1073.882 512.884 1253.803
-1073.982 513.959 1253.370
-1072.349 512.026 1255.532
-1073.378 512.438 1254.354
-1073.445 513.497 1253.886
-1072.012 512.318 1255.694
-1072.523 512.671 1255.063
-1072.392 512.979 1254.998
-1072.699 512.755 1254.874
-1073.776 513.594 1253.575
-1071.635 514.996 1255.019
-1072.352 512.674 1255.338
-1072.557 513.799 1254.655
-1073.483 513.907 1253.755
-1073.141 512.513 1254.622
-1072.106 511.613 1255.915
-1073.680 513.517 1253.689
-1073.010 513.087 1254.520
-1072.702 512.757 1254.888
-1072.484 514.124 1254.628
-1072.213 512.330 1255.440
-1072.496 512.647 1255.042
-1072.626 513.081 1254.847
-1072.185 512.667 1255.454
-1073.502 512.137 1254.404
-1073.485 512.141 1254.406
-1072.691 512.752 1254.869
-1071.999 513.698 1255.194
-1072.932 513.422 1254.493
-1073.708 513.921 1253.540
-1073.204 512.182 1254.630
-1072.485 512.736 1255.095
-1073.150 513.430 1254.236
-1073.301 513.892 1253.860
-1072.854 513.486 1254.453
-1073.331 514.298 1253.725
-1072.615 513.064 1254.837
-1073.303 512.772 1254.304
-1074.626 512.248 1253.295
-1072.077 512.986 1255.405
-1072.929 514.528 1254.022
-1072.845 513.750 1254.446
-1072.506 512.652 1255.061
-1072.233 513.705 1254.970
-1072.762 512.682 1254.867
-1073.019 512.836 1254.554
-1073.498 513.246 1253.970
-1072.138 514.032 1254.954
-1072.606 513.071 1254.845
-1072.798 512.701 1254.916
-1072.368 513.062 1255.055
-1073.640 512.873 1254.021
