-0.632 -0.572 0.236 0.466
-0.632 -0.573 0.235 0.466
-0.632 -0.572 0.236 0.467
-0.632 -0.572 0.236 0.466
-0.632 -0.573 0.237 0.466
-0.632 -0.573 0.236 0.465
-0.633 -0.573 0.237 0.465
-0.633 -0.573 0.237 0.463
-0.633 -0.573 0.238 0.463
-0.633 -0.573 0.238 0.463
-0.634 -0.572 0.239 0.463
-0.634 -0.571 0.240 0.463
-0.635 -0.571 0.239 0.463
-0.635 -0.571 0.239 0.462
-0.635 -0.570 0.238 0.463
-0.636 -0.570 0.239 0.463
-0.636 -0.570 0.239 0.462
-0.636 -0.571 0.237 0.461
-0.637 -0.571 0.238 0.460
-0.637 -0.571 0.239 0.459
-0.637 -0.571 0.237 0.460
-0.638 -0.570 0.239 0.459
-0.640 -0.567 0.241 0.459
-0.642 -0.564 0.245 0.458
-0.646 -0.559 0.250 0.456
-0.647 -0.557 0.252 0.456
-0.648 -0.556 0.252 0.456
-0.650 -0.554 0.254 0.455
-0.649 -0.554 0.254 0.455
-0.650 -0.554 0.255 0.454
-0.653 -0.548 0.257 0.454
-0.655 -0.543 0.261 0.455
-0.658 -0.539 0.263 0.456
-0.660 -0.535 0.264 0.456
-0.661 -0.535 0.263 0.456
-0.661 -0.534 0.262 0.457
-0.663 -0.532 0.261 0.458
-0.663 -0.533 0.260 0.456
-0.663 -0.534 0.261 0.455
-0.662 -0.536 0.259 0.455
-0.662 -0.538 0.259 0.454
-0.662 -0.538 0.258 0.453
-0.662 -0.538 0.258 0.453
-0.662 -0.538 0.258 0.453
-0.662 -0.538 0.258 0.453
-0.662 -0.538 0.258 0.453
-0.662 -0.539 0.259 0.452
-0.662 -0.538 0.260 0.452
-0.663 -0.538 0.260 0.451
-0.663 -0.538 0.262 0.450
-0.663 -0.539 0.261 0.450
-0.663 -0.538 0.261 0.450
-0.663 -0.539 0.261 0.450
-0.663 -0.539 0.261 0.449
-0.663 -0.539 0.262 0.448
-0.664 -0.539 0.262 0.448
-0.664 -0.539 0.263 0.447
-0.664 -0.540 0.263 0.446
-0.664 -0.540 0.263 0.445
-0.665 -0.540 0.263 0.445
-0.665 -0.540 0.263 0.445
-0.665 -0.540 0.262 0.444
-0.665 -0.539 0.263 0.444
-0.665 -0.540 0.262 0.445
-0.665 -0.539 0.262 0.445
-0.666 -0.539 0.263 0.445
-0.666 -0.538 0.264 0.444
-0.666 -0.539 0.264 0.444
-0.666 -0.539 0.264 0.444
-0.666 -0.538 0.265 0.443
-0.667 -0.538 0.264 0.443
-0.667 -0.538 0.264 0.443
-0.667 -0.538 0.264 0.442
-0.668 -0.538 0.265 0.442
-0.667 -0.539 0.263 0.441
-0.667 -0.539 0.264 0.441
-0.667 -0.540 0.264 0.440
-0.667 -0.540 0.264 0.440
-0.667 -0.540 0.264 0.440
-0.668 -0.539 0.264 0.439
-0.667 -0.541 0.263 0.439
-0.668 -0.540 0.263 0.439
-0.668 -0.540 0.263 0.439
-0.668 -0.540 0.263 0.439
-0.668 -0.540 0.263 0.439
-0.668 -0.541 0.264 0.438
-0.668 -0.540 0.264 0.438
-0.668 -0.540 0.265 0.438
-0.668 -0.540 0.265 0.438
-0.668 -0.540 0.265 0.438
-0.668 -0.540 0.265 0.437
-0.668 -0.541 0.264 0.437
-0.669 -0.540 0.265 0.436
-0.669 -0.541 0.264 0.436
-0.669 -0.542 0.263 0.436
-0.669 -0.542 0.263 0.435
-0.669 -0.542 0.263 0.435
-0.669 -0.543 0.262 0.434
-0.669 -0.543 0.262 0.434
-0.670 -0.543 0.263 0.433
-0.670 -0.543 0.262 0.433
-0.670 -0.544 0.262 0.433
-0.670 -0.543 0.262 0.433
-0.670 -0.544 0.262 0.432
-0.671 -0.543 0.262 0.432
-0.671 -0.543 0.262 0.431
-0.671 -0.543 0.262 0.432
-0.671 -0.543 0.262 0.431
-0.672 -0.543 0.262 0.431
-0.672 -0.544 0.262 0.430
-0.672 -0.543 0.261 0.430
-0.672 -0.544 0.263 0.429
-0.672 -0.545 0.261 0.428
-0.672 -0.546 0.260 0.429
-0.672 -0.546 0.260 0.428
-0.672 -0.546 0.261 0.426
-0.672 -0.546 0.261 0.426
-0.672 -0.546 0.261 0.426
-0.673 -0.546 0.261 0.426
-0.673 -0.546 0.262 0.426
-0.673 -0.546 0.261 0.426
-0.673 -0.545 0.261 0.426
-0.673 -0.546 0.261 0.425
-0.673 -0.545 0.260 0.426
-0.673 -0.546 0.260 0.426
-0.674 -0.545 0.260 0.426
-0.674 -0.545 0.260 0.426
-0.674 -0.545 0.261 0.426
-0.674 -0.545 0.260 0.426
-0.674 -0.545 0.261 0.426
-0.675 -0.545 0.260 0.425
-0.675 -0.545 0.260 0.424
-0.675 -0.545 0.260 0.424
-0.675 -0.546 0.260 0.423
-0.674 -0.547 0.260 0.423
-0.674 -0.547 0.260 0.422
-0.674 -0.548 0.260 0.422
-0.674 -0.548 0.259 0.422
-0.675 -0.547 0.260 0.422
-0.675 -0.547 0.260 0.422
-0.675 -0.546 0.260 0.422
-0.675 -0.546 0.260 0.422
-0.675 -0.546 0.260 0.423
-0.675 -0.546 0.260 0.423
-0.675 -0.545 0.260 0.423
-0.675 -0.545 0.261 0.423
-0.675 -0.545 0.261 0.423
-0.675 -0.545 0.261 0.423
-0.675 -0.545 0.261 0.423
-0.675 -0.544 0.262 0.423
-0.675 -0.545 0.261 0.423
-0.675 -0.545 0.261 0.423
-0.675 -0.546 0.261 0.422
-0.675 -0.546 0.261 0.422
-0.675 -0.546 0.261 0.421
-0.675 -0.546 0.262 0.421
-0.675 -0.547 0.261 0.421
-0.675 -0.548 0.261 0.420
-0.675 -0.547 0.262 0.419
-0.675 -0.548 0.262 0.418
-0.675 -0.548 0.262 0.418
-0.675 -0.549 0.262 0.417
-0.676 -0.549 0.262 0.416
-0.676 -0.549 0.263 0.416
-0.676 -0.549 0.263 0.416
-0.676 -0.549 0.264 0.416
-0.676 -0.549 0.264 0.415
-0.676 -0.549 0.263 0.416
-0.676 -0.549 0.264 0.415
-0.676 -0.549 0.263 0.416
-0.676 -0.548 0.263 0.417
-0.676 -0.548 0.263 0.416
-0.676 -0.548 0.262 0.417
-0.676 -0.548 0.263 0.417
-0.676 -0.548 0.263 0.416
-0.676 -0.548 0.262 0.416
-0.676 -0.549 0.262 0.416
-0.676 -0.549 0.262 0.416
-0.676 -0.548 0.262 0.416
-0.676 -0.548 0.263 0.417
-0.676 -0.548 0.263 0.416
-0.676 -0.548 0.263 0.416
-0.676 -0.549 0.262 0.416
-0.676 -0.550 0.263 0.415
-0.676 -0.550 0.262 0.415
-0.675 -0.550 0.262 0.415
-0.676 -0.551 0.262 0.414
-0.676 -0.551 0.262 0.413
-0.676 -0.552 0.263 0.413
-0.675 -0.551 0.263 0.413
-0.676 -0.552 0.262 0.413
-0.675 -0.553 0.261 0.413
-0.675 -0.553 0.261 0.413
-0.675 -0.553 0.261 0.412
-0.676 -0.553 0.261 0.412
-0.676 -0.552 0.261 0.413
-0.675 -0.552 0.261 0.413
-0.675 -0.552 0.261 0.413
-0.675 -0.552 0.261 0.413
-0.675 -0.552 0.261 0.413
-0.675 -0.552 0.261 0.413
-0.676 -0.552 0.262 0.413
-0.675 -0.552 0.261 0.413
-0.675 -0.552 0.262 0.413
-0.676 -0.552 0.262 0.413
-0.676 -0.552 0.261 0.414
-0.675 -0.552 0.262 0.413
-0.676 -0.552 0.262 0.413
-0.676 -0.552 0.262 0.412
-0.676 -0.552 0.262 0.412
-0.675 -0.552 0.262 0.413
-0.675 -0.552 0.263 0.413
-0.675 -0.552 0.263 0.412
-0.675 -0.552 0.263 0.413
-0.675 -0.552 0.263 0.412
-0.675 -0.552 0.263 0.412
-0.675 -0.553 0.263 0.411
-0.675 -0.553 0.264 0.411
-0.675 -0.553 0.264 0.411
-0.675 -0.553 0.264 0.411
-0.675 -0.553 0.264 0.411
-0.675 -0.553 0.264 0.411
-0.676 -0.553 0.265 0.410
-0.675 -0.552 0.264 0.411
-0.675 -0.553 0.264 0.410
-0.675 -0.552 0.264 0.411
-0.675 -0.552 0.265 0.411
-0.675 -0.552 0.265 0.411
-0.675 -0.552 0.265 0.412
-0.675 -0.551 0.265 0.412
-0.675 -0.551 0.265 0.412
-0.675 -0.551 0.265 0.412
-0.676 -0.551 0.265 0.412
-0.675 -0.551 0.265 0.412
-0.676 -0.551 0.265 0.412
-0.676 -0.551 0.265 0.412
-0.677 -0.550 0.266 0.411
-0.678 -0.549 0.265 0.411
-0.678 -0.549 0.265 0.412
-0.678 -0.548 0.264 0.413
-0.678 -0.548 0.264 0.413
-0.678 -0.546 0.264 0.414
-0.678 -0.546 0.264 0.415
-0.677 -0.545 0.265 0.417
-0.677 -0.544 0.265 0.419
-0.678 -0.542 0.265 0.420
-0.677 -0.542 0.265 0.421
-0.677 -0.542 0.263 0.422
-0.677 -0.542 0.264 0.422
-0.677 -0.541 0.264 0.423
-0.678 -0.541 0.263 0.423
-0.678 -0.541 0.263 0.423
-0.678 -0.541 0.263 0.423
-0.678 -0.541 0.262 0.424
-0.678 -0.540 0.263 0.424
-0.677 -0.540 0.264 0.425
-0.676 -0.541 0.264 0.425
-0.677 -0.540 0.264 0.426
-0.676 -0.539 0.265 0.427
-0.676 -0.538 0.264 0.429
-0.675 -0.538 0.264 0.430
-0.676 -0.537 0.263 0.431
-0.676 -0.537 0.264 0.430
-0.676 -0.537 0.263 0.431
-0.676 -0.538 0.264 0.429
-0.676 -0.540 0.263 0.427
-0.675 -0.541 0.264 0.427
-0.675 -0.542 0.264 0.426
-0.674 -0.543 0.263 0.425
-0.674 -0.543 0.264 0.426
-0.674 -0.543 0.264 0.425
-0.674 -0.544 0.264 0.424
-0.673 -0.545 0.263 0.425
-0.673 -0.546 0.263 0.424
-0.671 -0.547 0.262 0.427
-0.669 -0.549 0.261 0.428
-0.669 -0.548 0.260 0.430
-0.668 -0.547 0.259 0.432
-0.669 -0.548 0.259 0.431
-0.670 -0.547 0.257 0.430
-0.671 -0.547 0.257 0.430
-0.671 -0.547 0.257 0.429
-0.671 -0.548 0.256 0.429
-0.673 -0.546 0.255 0.429
-0.672 -0.547 0.256 0.429
-0.672 -0.548 0.256 0.428
-0.672 -0.548 0.256 0.428
-0.672 -0.548 0.256 0.428
-0.672 -0.548 0.256 0.427
-0.672 -0.548 0.256 0.428
-0.672 -0.548 0.256 0.427
-0.671 -0.549 0.254 0.428
-0.671 -0.549 0.255 0.428
-0.671 -0.549 0.255 0.428
-0.671 -0.550 0.255 0.428
-0.671 -0.550 0.255 0.427
-0.672 -0.550 0.254 0.427
-0.671 -0.550 0.255 0.426
-0.671 -0.552 0.253 0.426
-0.671 -0.552 0.254 0.426
-0.671 -0.552 0.254 0.426
-0.671 -0.552 0.254 0.426
-0.671 -0.552 0.254 0.426
-0.671 -0.552 0.254 0.425
-0.671 -0.552 0.255 0.425
-0.670 -0.553 0.255 0.425
-0.670 -0.553 0.255 0.424
-0.670 -0.554 0.256 0.424
-0.669 -0.554 0.256 0.424
-0.669 -0.554 0.256 0.425
-0.668 -0.554 0.256 0.426
-0.667 -0.555 0.255 0.427
-0.665 -0.557 0.253 0.428
-0.665 -0.558 0.252 0.429
-0.664 -0.557 0.252 0.430
-0.660 -0.562 0.246 0.433
-0.659 -0.563 0.245 0.434
-0.659 -0.563 0.245 0.434
-0.659 -0.563 0.245 0.434
-0.660 -0.563 0.246 0.433
-0.660 -0.562 0.247 0.433
-0.661 -0.561 0.247 0.433
-0.661 -0.562 0.247 0.432
-0.661 -0.561 0.248 0.432
-0.662 -0.561 0.248 0.432
-0.662 -0.561 0.249 0.431
-0.662 -0.561 0.248 0.431
-0.662 -0.560 0.249 0.431
-0.661 -0.561 0.249 0.431
-0.661 -0.562 0.249 0.430
-0.661 -0.562 0.249 0.430
-0.661 -0.561 0.250 0.430
-0.662 -0.560 0.249 0.432
-0.662 -0.559 0.250 0.431
-0.663 -0.560 0.248 0.431
-0.663 -0.560 0.249 0.431
-0.662 -0.560 0.248 0.431
-0.663 -0.559 0.247 0.433
-0.662 -0.558 0.247 0.435
-0.662 -0.556 0.247 0.438
-0.662 -0.556 0.246 0.439
-0.662 -0.555 0.247 0.438
-0.662 -0.555 0.248 0.438
-0.662 -0.555 0.249 0.438
-0.662 -0.554 0.249 0.438
-0.662 -0.554 0.249 0.438
-0.662 -0.555 0.249 0.438
-0.663 -0.555 0.249 0.437
-0.663 -0.554 0.249 0.437
-0.663 -0.554 0.249 0.437
-0.663 -0.555 0.249 0.436
-0.663 -0.555 0.249 0.436
-0.664 -0.555 0.249 0.435
-0.664 -0.555 0.249 0.436
-0.664 -0.555 0.248 0.436
-0.664 -0.554 0.248 0.436
-0.664 -0.554 0.249 0.437
-0.663 -0.553 0.248 0.439
-0.664 -0.553 0.248 0.438
-0.664 -0.553 0.249 0.438
-0.664 -0.553 0.248 0.438
-0.663 -0.552 0.249 0.440
-0.664 -0.552 0.248 0.440
-0.663 -0.552 0.249 0.440
-0.663 -0.552 0.249 0.440
-0.663 -0.552 0.248 0.440
-0.663 -0.553 0.248 0.440
-0.662 -0.553 0.248 0.441
-0.662 -0.552 0.247 0.442
-0.662 -0.552 0.246 0.442
-0.663 -0.552 0.247 0.442
-0.663 -0.551 0.247 0.442
-0.663 -0.551 0.248 0.442
-0.663 -0.552 0.247 0.442
-0.663 -0.551 0.247 0.442
-0.664 -0.548 0.247 0.444
-0.664 -0.548 0.247 0.445
-0.664 -0.548 0.247 0.445
-0.664 -0.548 0.247 0.445
-0.664 -0.548 0.247 0.445
-0.664 -0.548 0.248 0.444
-0.665 -0.547 0.247 0.445
-0.665 -0.548 0.247 0.443
-0.665 -0.548 0.247 0.444
-0.665 -0.547 0.248 0.444
-0.665 -0.547 0.247 0.444
-0.666 -0.546 0.245 0.445
-0.666 -0.546 0.244 0.446
-0.666 -0.546 0.244 0.446
-0.666 -0.546 0.245 0.446
-0.666 -0.546 0.245 0.445
-0.666 -0.546 0.245 0.446
-0.666 -0.546 0.244 0.446
-0.666 -0.546 0.245 0.446
-0.666 -0.545 0.245 0.447
-0.666 -0.546 0.245 0.446
-0.665 -0.546 0.245 0.447
-0.665 -0.546 0.246 0.446
-0.665 -0.546 0.246 0.446
-0.665 -0.546 0.245 0.447
-0.665 -0.546 0.246 0.446
-0.665 -0.546 0.246 0.446
-0.665 -0.546 0.245 0.446
-0.665 -0.546 0.245 0.446
-0.666 -0.546 0.246 0.445
-0.666 -0.547 0.245 0.445
-0.666 -0.546 0.246 0.445
-0.665 -0.546 0.245 0.446
-0.665 -0.546 0.245 0.447
-0.665 -0.545 0.245 0.448
-0.665 -0.545 0.245 0.448
-0.665 -0.544 0.245 0.449
-0.665 -0.544 0.245 0.448
-0.665 -0.545 0.245 0.447
-0.665 -0.544 0.244 0.449
-0.665 -0.545 0.245 0.448
-0.665 -0.544 0.246 0.448
-0.665 -0.545 0.245 0.448
-0.665 -0.544 0.245 0.448
-0.666 -0.545 0.245 0.448
-0.666 -0.545 0.245 0.447
-0.665 -0.545 0.242 0.450
-0.664 -0.546 0.241 0.451
-0.664 -0.545 0.240 0.452
-0.664 -0.546 0.241 0.451
-0.664 -0.545 0.241 0.452
-0.664 -0.545 0.240 0.451
-0.665 -0.545 0.241 0.451
-0.665 -0.544 0.241 0.451
-0.665 -0.544 0.240 0.451
-0.665 -0.544 0.241 0.451
-0.665 -0.544 0.241 0.451
-0.665 -0.544 0.242 0.451
-0.665 -0.544 0.242 0.451
-0.665 -0.543 0.243 0.451
-0.665 -0.544 0.243 0.451
-0.665 -0.544 0.243 0.450
-0.665 -0.544 0.243 0.450
-0.665 -0.544 0.244 0.449
-0.665 -0.544 0.243 0.450
-0.665 -0.544 0.243 0.451
-0.665 -0.544 0.244 0.450
-0.665 -0.544 0.243 0.450
-0.665 -0.544 0.243 0.450
-0.665 -0.544 0.244 0.450
-0.665 -0.544 0.243 0.451
-0.665 -0.543 0.243 0.452
-0.665 -0.543 0.243 0.451
-0.664 -0.544 0.244 0.451
-0.665 -0.543 0.244 0.452
-0.665 -0.543 0.244 0.451
-0.665 -0.542 0.244 0.452
-0.665 -0.541 0.244 0.453
-0.665 -0.541 0.245 0.453
-0.665 -0.540 0.243 0.454
-0.666 -0.539 0.245 0.454
-0.666 -0.539 0.244 0.454
-0.666 -0.539 0.245 0.454
-0.666 -0.539 0.244 0.455
-0.666 -0.538 0.245 0.456
-0.666 -0.537 0.246 0.456
-0.665 -0.537 0.246 0.457
-0.665 -0.537 0.246 0.457
-0.665 -0.537 0.244 0.458
-0.665 -0.538 0.246 0.456
-0.665 -0.538 0.246 0.455
-0.665 -0.539 0.247 0.454
-0.665 -0.540 0.247 0.453
-0.664 -0.541 0.247 0.453
-0.664 -0.542 0.247 0.452
-0.664 -0.542 0.247 0.452
-0.664 -0.543 0.247 0.452
-0.664 -0.543 0.246 0.452
-0.664 -0.543 0.247 0.452
-0.663 -0.543 0.248 0.451
-0.663 -0.544 0.247 0.452
-0.663 -0.544 0.247 0.452
-0.662 -0.545 0.246 0.452
-0.662 -0.545 0.245 0.453
-0.661 -0.545 0.245 0.453
-0.662 -0.544 0.245 0.453
-0.662 -0.545 0.245 0.453
-0.662 -0.545 0.245 0.453
-0.662 -0.545 0.246 0.452
-0.662 -0.545 0.246 0.452
-0.661 -0.545 0.246 0.452
-0.661 -0.546 0.246 0.452
-0.661 -0.546 0.245 0.451
-0.662 -0.545 0.246 0.452
-0.662 -0.546 0.246 0.452
-0.662 -0.546 0.245 0.452
-0.662 -0.545 0.246 0.452
-0.662 -0.546 0.245 0.451
-0.662 -0.546 0.246 0.451
-0.662 -0.545 0.245 0.451
-0.662 -0.546 0.245 0.451
-0.663 -0.545 0.245 0.451
-0.663 -0.545 0.246 0.451
-0.663 -0.545 0.245 0.451
-0.663 -0.545 0.245 0.451
-0.663 -0.546 0.246 0.450
-0.663 -0.545 0.246 0.449
-0.663 -0.546 0.245 0.449
-0.663 -0.546 0.246 0.450
-0.663 -0.546 0.246 0.449
-0.663 -0.546 0.246 0.449
-0.663 -0.546 0.246 0.449
-0.663 -0.546 0.246 0.449
-0.663 -0.546 0.246 0.449
-0.663 -0.546 0.246 0.449
-0.664 -0.545 0.246 0.449
-0.664 -0.544 0.246 0.450
-0.664 -0.544 0.246 0.450
-0.664 -0.544 0.246 0.450
-0.664 -0.544 0.246 0.450
-0.664 -0.544 0.246 0.450
-0.664 -0.544 0.246 0.450
-0.664 -0.544 0.246 0.450
-0.664 -0.544 0.247 0.450
-0.664 -0.544 0.247 0.450
-0.664 -0.544 0.247 0.449
-0.664 -0.544 0.247 0.449
-0.664 -0.544 0.247 0.449
-0.664 -0.545 0.247 0.449
-0.664 -0.545 0.247 0.449
-0.664 -0.544 0.248 0.449
-0.664 -0.545 0.247 0.449
-0.664 -0.545 0.247 0.449
-0.663 -0.545 0.247 0.449
-0.664 -0.544 0.247 0.449
-0.664 -0.545 0.247 0.449
-0.664 -0.545 0.246 0.449
-0.664 -0.544 0.247 0.449
-0.664 -0.545 0.247 0.449
-0.663 -0.545 0.247 0.449
-0.663 -0.545 0.247 0.449
-0.664 -0.544 0.247 0.449
-0.664 -0.545 0.247 0.449
-0.664 -0.545 0.248 0.449
-0.664 -0.545 0.248 0.448
-0.664 -0.545 0.247 0.448
-0.664 -0.544 0.248 0.449
-0.664 -0.544 0.248 0.449
-0.664 -0.544 0.248 0.449
-0.664 -0.544 0.247 0.449
-0.664 -0.544 0.248 0.449
-0.664 -0.545 0.248 0.448
-0.664 -0.545 0.248 0.448
-0.664 -0.544 0.247 0.449
-0.664 -0.544 0.248 0.448
-0.664 -0.544 0.248 0.449
-0.664 -0.544 0.248 0.448
-0.664 -0.544 0.248 0.449
-0.664 -0.545 0.248 0.448
-0.664 -0.545 0.249 0.448
-0.664 -0.545 0.249 0.448
-0.663 -0.546 0.249 0.448
-0.663 -0.546 0.249 0.447
-0.663 -0.546 0.249 0.447
-0.663 -0.547 0.249 0.447
-0.663 -0.546 0.250 0.447
-0.663 -0.546 0.250 0.446
-0.663 -0.547 0.250 0.446
-0.663 -0.546 0.250 0.447
-0.663 -0.547 0.250 0.446
-0.663 -0.546 0.250 0.446
-0.663 -0.546 0.250 0.446
-0.663 -0.546 0.251 0.446
-0.663 -0.546 0.251 0.446
-0.663 -0.546 0.251 0.446
-0.663 -0.546 0.252 0.445
-0.663 -0.548 0.250 0.445
-0.663 -0.548 0.251 0.445
-0.663 -0.548 0.251 0.445
-0.662 -0.547 0.252 0.445
-0.662 -0.547 0.253 0.445
-0.662 -0.547 0.253 0.445
-0.663 -0.547 0.253 0.445
-0.663 -0.547 0.252 0.445
-0.664 -0.546 0.253 0.444
-0.664 -0.546 0.254 0.443
-0.664 -0.546 0.253 0.443
-0.664 -0.546 0.254 0.443
-0.664 -0.546 0.255 0.443
-0.664 -0.547 0.254 0.442
-0.663 -0.548 0.252 0.442
-0.663 -0.548 0.255 0.442
-0.663 -0.548 0.254 0.442
-0.663 -0.547 0.255 0.442
-0.663 -0.547 0.255 0.442
-0.663 -0.547 0.255 0.443
-0.664 -0.546 0.255 0.444
-0.664 -0.545 0.255 0.444
-0.664 -0.545 0.255 0.444
-0.664 -0.545 0.256 0.443
-0.664 -0.545 0.256 0.443
-0.664 -0.545 0.257 0.442
-0.665 -0.546 0.256 0.441
-0.664 -0.546 0.256 0.441
-0.664 -0.547 0.257 0.440
