-46.181 -300.472 133.599
-46.065 -300.696 133.675
-45.930 -300.358 133.542
-46.207 -300.159 133.407
-46.283 -300.074 133.331
-46.077 -300.155 132.949
-46.131 -299.720 133.269
-45.838 -300.069 132.594
-45.753 -299.741 132.367
-45.711 -299.248 132.379
-45.663 -298.803 132.375
-45.821 -298.755 132.181
-45.985 -298.995 132.222
-46.173 -298.763 132.304
-46.172 -298.215 132.976
-45.979 -298.535 132.898
-46.023 -298.986 132.648
-45.810 -299.697 132.375
-45.783 -299.999 132.412
-45.681 -299.813 132.476
-45.574 -299.930 132.610
-45.580 -299.640 132.503
-45.480 -299.675 132.601
-45.676 -299.560 132.905
-45.713 -299.484 133.049
-45.629 -299.146 133.114
-45.511 -299.094 133.097
-45.622 -298.584 133.221
-45.433 -298.618 133.071
-45.401 -298.786 132.958
-45.377 -298.181 133.446
-45.256 -296.568 134.024
-44.910 -295.384 134.636
-44.834 -295.105 135.067
-44.656 -295.349 135.218
-44.775 -295.533 135.736
-44.437 -295.654 136.048
-43.787 -296.037 136.203
-43.623 -296.239 136.095
-43.514 -296.574 136.112
-43.078 -297.121 135.719
-42.961 -297.453 135.750
-42.825 -297.619 135.893
-42.577 -297.649 135.648
-42.619 -297.628 135.904
-42.549 -297.536 135.887
-42.427 -297.489 135.815
-42.433 -297.560 135.858
-42.399 -297.537 135.937
-42.283 -297.615 135.540
-42.251 -297.779 135.374
-42.220 -297.767 135.479
-42.036 -298.090 135.296
-41.891 -298.175 135.224
-41.815 -298.216 135.149
-41.901 -298.255 135.230
-41.578 -298.399 134.988
-41.525 -298.836 134.779
-41.345 -298.999 134.972
-41.170 -299.166 134.857
-40.945 -299.329 134.851
-40.855 -299.330 135.002
-40.825 -299.234 135.195
-40.853 -299.361 135.581
-40.487 -299.483 135.411
-40.299 -299.495 135.386
-40.070 -299.285 135.418
-40.114 -299.367 135.426
-39.931 -299.573 135.238
-39.902 -299.513 135.375
-39.855 -299.596 135.494
-39.653 -299.634 135.537
-39.528 -300.055 135.123
-39.681 -299.870 135.451
-39.436 -300.356 134.865
-39.661 -300.421 134.978
-39.695 -300.556 134.631
-39.334 -300.516 134.207
-39.401 -300.298 134.461
-39.196 -300.371 134.694
-39.042 -300.701 134.579
-39.094 -300.654 134.863
-38.977 -300.337 135.059
-38.955 -300.352 135.106
-38.860 -300.359 135.183
-38.778 -300.545 135.020
-38.816 -300.444 135.237
-38.553 -300.399 135.269
-38.479 -300.135 135.379
-38.449 -300.339 135.162
-38.459 -300.270 135.394
-38.183 -300.674 135.006
-38.395 -300.664 135.267
-38.150 -301.053 134.974
-38.123 -301.046 135.184
-38.103 -301.149 135.079
-38.034 -301.237 134.922
-37.857 -301.605 134.880
-37.795 -301.796 135.033
-37.785 -302.070 134.923
-37.637 -302.010 134.922
-37.478 -301.959 134.682
-37.571 -301.935 134.854
-37.486 -302.270 134.691
-37.353 -302.355 134.905
-37.251 -302.198 135.129
-36.967 -301.866 135.355
-36.823 -302.228 135.279
-36.851 -302.132 135.488
-36.648 -302.462 135.141
-36.638 -302.518 135.262
-36.606 -302.435 135.084
-36.666 -302.985 135.107
-36.495 -303.627 135.044
-36.387 -303.930 134.546
-36.347 -304.175 134.318
-35.991 -304.157 134.161
-36.014 -303.875 134.321
-35.744 -303.902 134.436
-35.921 -303.593 134.761
-35.789 -303.860 134.760
-35.813 -303.992 134.972
-35.659 -304.250 134.768
-35.268 -304.184 135.090
-35.106 -304.070 134.955
-35.023 -303.947 135.134
-34.855 -303.816 135.322
-34.826 -303.657 135.596
-34.584 -303.855 135.651
-34.367 -303.838 135.602
-34.469 -303.960 135.843
-34.268 -303.993 135.515
-34.381 -304.245 135.485
-34.065 -304.680 134.870
-33.956 -304.922 134.464
-33.954 -304.925 134.210
-33.737 -304.986 134.130
-33.665 -304.878 134.214
-33.671 -304.743 134.503
-33.342 -305.172 134.497
-33.337 -304.879 135.024
-33.227 -304.896 135.280
-33.074 -304.647 135.414
-32.894 -304.492 135.534
-32.706 -304.341 135.832
-32.861 -304.215 136.018
-32.695 -304.378 135.806
-32.394 -304.309 135.699
-32.499 -304.292 135.925
-32.376 -303.911 136.011
-32.280 -303.917 135.956
-32.477 -304.010 135.967
-32.296 -304.091 135.568
-32.384 -304.313 135.622
-32.391 -304.514 135.451
-32.456 -304.381 135.448
-32.316 -304.600 135.013
-31.981 -305.209 134.368
-32.093 -304.958 134.684
-32.039 -305.129 134.417
-31.846 -305.143 134.158
-31.439 -305.469 133.707
-31.575 -305.620 133.706
-31.636 -305.874 133.655
-31.449 -305.580 133.709
-31.174 -305.702 133.386
-31.234 -305.708 133.735
-31.132 -305.793 133.844
-30.912 -305.739 134.057
-30.759 -305.722 134.095
-30.491 -305.634 134.386
-30.463 -305.510 134.609
-30.305 -305.440 134.836
-30.352 -305.482 134.847
-30.356 -305.610 134.940
-30.329 -305.695 135.001
-30.071 -305.960 134.804
-29.897 -305.803 134.779
-29.880 -305.702 135.171
-29.750 -305.553 135.025
-29.887 -305.413 135.039
-29.846 -305.493 134.782
-29.740 -305.913 134.183
-30.019 -305.965 134.327
-29.844 -306.373 133.949
-29.958 -306.540 133.685
-29.883 -306.807 133.401
-29.804 -306.799 133.362
-29.861 -306.976 133.359
-30.115 -306.769 133.515
-30.046 -306.905 133.247
-29.890 -307.397 132.844
-30.045 -307.465 132.962
-30.095 -307.662 133.070
-29.974 -307.619 133.124
-30.004 -307.294 133.269
-29.796 -307.644 133.102
-29.887 -307.415 133.257
-29.902 -307.419 133.251
-29.922 -307.597 133.170
-29.893 -307.661 133.058
-29.927 -307.734 133.093
-29.839 -307.620 133.087
-29.871 -307.647 133.138
-29.963 -307.563 133.304
-29.837 -307.449 133.270
-29.947 -307.662 133.157
-29.778 -307.725 133.184
-29.946 -307.807 133.263
-29.909 -307.880 133.209
-29.706 -307.508 133.382
-29.563 -307.604 133.125
-29.808 -307.609 133.129
-29.751 -307.682 133.015
-29.781 -307.942 132.794
-29.628 -307.935 132.800
-29.556 -308.113 132.702
-29.457 -308.109 132.440
-29.454 -307.894 132.629
-29.331 -308.031 132.617
-29.245 -308.093 132.644
-28.844 -308.238 132.385
-29.052 -308.029 132.952
-28.881 -308.000 132.892
-28.722 -308.349 132.684
-28.727 -308.370 132.780
-28.529 -308.086 133.024
-28.310 -308.174 132.775
-28.114 -307.827 133.151
-28.062 -307.455 133.260
-28.157 -307.660 133.173
-28.160 -307.776 133.324
-28.080 -307.837 133.368
-28.122 -307.804 133.330
-28.016 -307.817 133.332
-27.924 -307.956 133.273
-28.135 -308.106 133.311
-28.035 -308.405 133.299
-27.888 -308.487 133.189
-27.749 -308.286 133.750
-27.540 -308.539 133.669
-27.587 -308.345 134.169
-27.523 -307.546 134.298
-27.199 -306.760 134.459
-26.901 -306.397 134.981
-26.701 -305.815 135.753
-26.855 -305.303 136.462
-26.417 -305.506 136.478
-26.401 -305.560 136.556
-26.106 -305.311 136.785
-26.142 -305.336 137.569
-26.065 -305.591 137.483
-26.329 -305.340 137.723
-26.100 -305.581 137.604
-26.173 -305.516 137.592
-26.222 -305.257 137.576
-26.272 -305.226 137.514
-26.416 -304.822 137.849
-26.548 -304.661 138.065
-26.434 -304.516 138.105
-26.387 -304.113 138.548
-26.332 -304.244 138.930
-26.096 -304.237 138.692
-26.284 -304.001 138.625
-26.360 -304.736 138.320
-26.057 -305.257 137.226
-26.157 -305.264 136.367
-26.625 -306.285 135.959
-26.301 -306.619 135.579
-26.144 -305.450 135.972
-26.380 -306.066 135.603
-26.431 -306.435 135.243
-26.365 -306.671 134.755
-26.410 -306.808 134.992
-26.355 -306.107 135.204
-26.451 -306.334 134.714
-26.327 -305.927 135.198
-26.092 -305.194 136.014
-25.879 -305.269 136.030
-25.605 -305.928 136.204
-25.364 -306.244 136.476
-25.189 -306.437 136.877
-24.940 -306.848 137.101
-24.866 -306.653 138.407
-24.712 -306.514 137.873
-24.560 -306.960 137.499
-24.572 -307.020 137.248
-24.423 -306.610 137.423
-24.104 -306.567 137.308
-24.010 -306.374 137.482
-23.877 -306.432 137.659
-23.777 -306.861 137.636
-23.416 -306.574 138.232
-23.307 -306.729 138.178
-23.200 -307.339 137.719
-23.136 -307.587 137.778
-22.875 -307.713 137.896
-22.812 -307.979 137.853
-22.868 -308.649 137.998
-22.637 -308.740 137.717
-22.346 -308.668 137.602
-22.339 -308.618 137.602
-22.052 -308.618 137.398
-22.361 -308.771 137.713
-22.172 -308.778 137.479
-21.793 -309.036 136.700
-21.659 -308.991 136.608
-21.684 -309.037 136.304
-21.579 -309.056 136.298
-21.783 -309.006 136.527
-21.572 -309.012 136.474
-21.807 -308.809 136.888
-21.737 -309.463 136.915
-21.524 -309.652 136.890
-21.623 -309.357 136.974
-21.723 -310.001 136.831
-21.644 -310.454 136.505
-21.608 -310.617 136.346
-21.620 -310.884 136.226
-21.571 -310.826 136.323
-21.648 -310.795 136.430
-21.406 -310.560 136.466
-21.265 -310.644 136.376
-20.978 -310.642 136.328
-21.187 -310.809 136.656
-20.936 -311.207 136.323
-20.767 -311.276 136.105
-20.877 -311.248 136.465
-20.644 -311.411 136.162
-20.432 -311.728 135.859
-20.173 -311.881 136.005
-20.182 -311.752 136.139
-20.101 -311.423 136.347
-20.250 -311.015 136.737
-19.992 -311.852 136.924
-19.852 -312.048 136.708
-19.729 -312.109 136.404
-20.023 -311.761 137.084
-20.025 -311.271 137.176
-19.993 -310.698 137.854
-19.824 -310.534 137.948
-19.763 -310.605 137.999
-19.599 -310.424 138.076
-19.320 -310.284 138.296
-19.292 -309.944 138.545
-19.035 -310.328 138.381
-18.882 -310.566 138.193
-18.676 -310.710 138.243
-18.629 -310.534 138.413
-18.634 -310.557 138.140
-18.509 -310.980 137.992
-18.650 -311.012 138.165
-18.495 -311.455 138.158
-18.409 -311.373 138.093
-18.334 -311.536 137.860
-18.059 -311.265 138.064
-17.996 -310.991 138.441
-17.797 -310.561 138.874
-17.839 -310.766 138.708
-17.825 -310.695 139.021
-17.552 -310.532 138.908
-17.638 -310.339 139.092
-17.439 -310.231 139.293
-17.392 -310.267 139.224
-17.247 -310.438 138.898
-17.250 -310.555 138.723
-16.906 -310.645 138.348
-16.974 -310.764 138.508
-16.952 -310.840 138.649
-16.725 -310.728 138.838
-16.411 -310.848 139.042
-16.515 -310.864 139.636
-16.206 -310.728 139.589
-15.838 -311.132 139.172
-15.950 -311.077 139.602
-15.865 -310.880 140.233
-15.895 -310.810 140.485
-15.730 -310.826 140.361
-15.452 -311.412 139.984
-15.585 -311.208 139.936
-15.455 -311.864 139.346
-15.466 -311.834 139.228
-15.233 -312.290 138.866
-15.198 -312.192 138.737
-15.361 -312.058 138.975
-15.329 -312.194 139.223
-15.186 -312.325 139.551
-15.257 -312.544 139.734
-15.113 -312.428 139.564
-14.934 -312.418 139.581
-14.756 -312.474 139.735
-14.791 -312.892 139.856
-14.551 -313.032 139.854
-14.539 -312.751 140.091
-14.528 -312.661 140.208
-14.499 -312.698 140.073
-14.200 -312.918 139.843
-14.152 -313.050 139.810
-14.152 -312.972 139.848
-13.767 -312.577 139.695
-13.551 -312.469 139.579
-13.416 -312.349 139.546
-13.442 -312.720 139.448
-13.587 -312.940 139.425
-13.485 -313.097 139.475
-13.460 -313.119 139.360
-13.518 -313.262 139.555
-13.430 -313.277 139.607
-13.441 -313.250 139.782
-13.581 -313.380 140.085
-13.491 -313.252 140.170
-13.430 -313.057 140.514
-13.192 -313.132 140.497
-13.102 -313.464 140.080
-12.792 -313.560 140.020
-12.384 -313.699 140.008
-12.293 -313.314 140.055
-11.814 -313.163 139.933
-11.584 -313.167 140.081
-11.369 -313.209 140.096
-11.160 -313.243 140.179
-11.040 -312.956 140.251
-10.986 -313.006 140.572
-10.724 -313.104 140.644
-10.197 -313.511 140.258
-9.918 -313.419 140.220
-9.389 -313.521 140.056
-9.179 -313.361 140.079
-9.054 -313.289 140.228
-8.948 -313.602 140.379
-8.756 -313.703 140.260
-8.915 -313.410 140.541
-8.504 -312.974 140.260
-8.391 -312.899 140.390
-8.511 -312.815 140.346
-8.384 -312.933 140.189
-8.298 -313.146 140.070
-8.116 -313.287 139.754
-8.237 -313.220 139.909
-8.085 -312.948 139.982
-7.925 -313.060 139.853
-8.021 -312.956 140.026
-8.002 -312.992 140.112
-7.900 -312.997 140.073
-7.842 -312.860 140.186
-7.728 -313.105 140.091
-7.652 -312.911 140.392
-7.711 -312.911 140.515
-7.591 -312.987 140.305
-7.445 -313.013 140.434
-7.222 -313.066 140.343
-6.924 -312.708 140.640
-6.550 -312.548 140.595
-6.626 -312.184 141.110
-6.264 -312.144 141.269
-6.233 -312.229 141.281
-6.291 -312.502 141.246
-6.317 -312.788 141.157
-6.195 -312.677 141.196
-5.826 -312.155 141.403
-5.939 -311.485 141.896
-5.650 -311.101 141.728
-5.469 -310.867 141.748
-5.277 -311.200 141.477
-5.327 -311.174 141.079
-5.384 -311.359 140.863
-5.296 -311.774 140.279
-5.306 -311.841 139.734
-5.279 -312.343 139.055
-5.429 -312.352 138.933
-5.419 -312.402 138.698
-5.235 -312.569 138.389
-5.118 -312.609 138.321
-5.193 -312.567 138.322
-5.207 -312.401 138.321
-5.085 -312.407 138.179
-5.120 -312.220 138.309
-5.002 -312.406 138.131
-5.013 -312.310 138.468
-4.940 -312.487 138.519
-4.891 -312.605 138.711
-4.821 -312.524 138.607
-4.577 -312.936 138.204
-4.791 -312.800 138.532
-4.724 -312.782 138.370
-4.634 -312.908 138.175
-4.686 -312.921 138.280
-4.400 -313.308 137.929
-4.415 -313.149 138.186
-4.218 -313.213 138.328
-4.216 -313.148 138.561
-4.145 -313.280 138.761
-4.204 -313.438 138.712
-4.171 -313.742 138.652
-4.122 -314.055 138.696
-3.922 -314.125 138.752
-3.866 -314.211 138.915
-3.724 -314.331 138.860
-3.668 -314.331 138.967
-3.437 -314.638 138.811
-3.428 -314.692 138.524
-3.377 -314.724 138.809
-3.189 -314.954 138.524
-3.070 -314.608 138.628
-2.867 -314.889 138.205
-2.824 -314.811 138.382
-2.791 -315.035 138.016
-2.623 -315.047 138.023
-2.550 -314.987 137.978
-2.492 -314.869 138.240
-2.481 -314.586 138.467
-2.236 -314.555 138.768
-2.217 -314.685 138.794
-2.088 -314.685 138.967
-2.003 -314.987 138.829
-1.929 -314.866 138.986
-1.704 -314.859 138.793
-1.858 -314.630 138.938
-1.738 -314.466 138.779
-1.601 -314.611 138.564
-1.478 -314.599 138.565
-1.726 -314.598 138.716
-1.516 -314.797 138.479
-1.776 -314.896 138.475
-1.600 -315.023 138.144
-1.628 -314.821 138.206
-1.420 -314.936 137.939
-1.403 -314.743 138.227
-1.548 -314.639 138.362
-1.487 -314.619 138.582
-1.437 -314.830 138.427
-1.208 -314.921 138.290
-1.525 -314.592 138.714
-1.283 -314.749 138.502
-1.404 -314.608 138.577
-1.249 -314.786 138.386
-1.327 -314.785 138.530
-1.222 -314.831 138.325
-1.295 -314.780 138.441
-0.982 -314.710 138.253
-0.984 -314.835 138.333
-1.184 -314.722 138.687
-0.954 -314.786 138.517
-1.099 -314.710 138.810
-0.775 -315.027 138.524
-1.013 -314.825 139.016
-0.910 -314.843 138.766
-0.648 -314.743 138.383
-0.778 -315.131 138.709
-0.890 -315.185 138.873
-0.554 -315.389 138.519
-0.540 -315.330 138.569
-0.581 -314.959 138.650
-0.354 -315.171 138.326
-0.237 -314.964 138.057
-0.192 -315.055 138.010
-0.275 -315.206 137.708
-0.361 -315.220 137.760
-0.272 -315.029 138.031
-0.037 -315.262 137.650
-0.145 -315.438 137.761
-0.228 -315.325 137.906
-0.044 -315.684 137.465
0.170 -315.647 137.402
-0.072 -315.510 137.712
0.109 -315.551 137.721
0.241 -315.640 137.641
0.245 -315.172 137.844
0.614 -315.277 137.432
0.789 -315.315 137.514
0.782 -315.284 137.594
0.889 -315.675 137.289
0.925 -315.675 137.320
1.030 -315.708 137.381
1.171 -315.237 137.409
1.201 -314.944 137.566
1.248 -314.873 137.645
1.229 -314.923 137.846
1.452 -315.332 137.691
1.530 -315.408 137.762
1.562 -315.541 137.887
1.539 -315.541 138.010
1.704 -315.537 137.943
1.584 -315.401 138.087
1.865 -315.714 137.828
1.936 -316.284 137.960
2.135 -315.915 137.854
2.189 -315.755 138.070
2.017 -315.528 138.352
2.224 -315.617 138.279
2.343 -315.824 138.516
2.231 -315.317 139.169
2.500 -315.138 139.312
2.523 -315.091 139.419
2.400 -315.319 139.177
2.395 -315.549 139.128
2.561 -315.693 138.660
2.579 -315.884 138.613
2.607 -315.997 138.261
2.566 -316.105 137.972
