-0.468 0.410 0.432 -0.653
-0.467 0.410 0.432 -0.654
-0.466 0.410 0.432 -0.654
-0.465 0.409 0.433 -0.655
-0.465 0.410 0.432 -0.655
-0.464 0.409 0.432 -0.656
-0.464 0.410 0.432 -0.655
-0.464 0.410 0.432 -0.656
-0.463 0.409 0.433 -0.656
-0.463 0.409 0.434 -0.656
-0.463 0.408 0.434 -0.656
-0.463 0.409 0.433 -0.657
-0.462 0.408 0.434 -0.657
-0.461 0.409 0.435 -0.656
-0.461 0.408 0.435 -0.657
-0.460 0.408 0.434 -0.659
-0.460 0.408 0.433 -0.659
-0.459 0.407 0.436 -0.658
-0.459 0.408 0.435 -0.658
-0.459 0.408 0.435 -0.658