-1071.830 510.867 1255.753
-1070.698 511.388 1256.510
-1071.350 511.174 1256.037
-1071.854 510.126 1255.890
-1071.952 512.577 1254.988
-1070.521 512.434 1256.247
-1072.612 512.343 1254.479
-1070.626 511.724 1256.474
-1070.959 511.810 1256.152
-1072.019 510.955 1255.526
-1071.757 511.188 1255.655
-1070.920 513.527 1255.643
-1072.078 512.265 1255.025
-1072.494 512.031 1254.748
-1072.320 512.667 1254.650
-1071.923 511.546 1255.436
-1070.417 511.717 1256.678
-1071.408 512.225 1255.515
-1071.235 512.226 1255.777
-1071.036 511.753 1256.133
-1072.052 512.252 1254.995
-1071.724 512.170 1255.345
-1072.121 511.936 1255.021
-1071.449 511.115 1256.007
-1071.625 511.577 1255.635
-1071.265 511.490 1255.942
-1071.606 511.836 1255.609
-1071.587 511.838 1255.598
-1071.351 511.427 1255.951
-1071.305 511.510 1255.982
-1071.211 513.603 1255.293
-1070.462 512.754 1256.204
-1070.665 511.731 1256.488
-1071.170 511.180 1256.248
-1070.822 512.473 1256.058
-1072.716 512.033 1254.527
-1071.087 511.500 1256.202
-1071.159 511.163 1256.238
-1071.131 511.428 1256.184
-1070.678 512.128 1256.328
-1070.774 511.814 1256.371
-1072.023 511.223 1255.480
-1070.989 511.812 1256.146
-1071.811 512.336 1255.263
-1071.484 511.134 1256.056
-1071.163 512.173 1255.933
-1071.072 512.878 1255.689
-1071.882 512.009 1255.276
-1071.176 510.061 1256.682
-1072.273 511.628 1255.111
-1072.328 511.282 1255.122
-1071.429 511.104 1255.969
-1070.824 511.086 1256.538
-1072.455 510.234 1255.343
-1071.617 511.574 1255.630
-1072.259 512.351 1254.828
-1071.811 511.839 1255.356
-1070.960 513.184 1255.636
-1070.657 512.106 1256.299
-1072.016 512.328 1255.018
-1071.192 511.815 1255.915
-1071.006 511.821 1256.170
-1069.860 511.618 1257.229
-1071.147 511.167 1256.196
-1072.262 511.262 1255.079
-1070.888 510.747 1256.568
-1072.131 513.327 1254.537
-1072.347 512.317 1254.609
-1072.000 512.320 1255.008
-1071.507 512.170 1255.557
-1070.813 512.458 1256.062
-1071.662 511.122 1255.759
-1071.419 512.877 1255.327
-1070.975 512.072 1256.111
-1071.777 510.920 1255.703
-1071.773 513.206 1254.826
-1071.719 511.275 1255.691
-1071.827 513.245 1254.891
-1071.320 511.518 1255.993
-1071.825 511.858 1255.380
-1070.984 511.821 1256.145
-1071.360 512.564 1255.518
-1072.182 511.944 1255.060
-1070.204 511.319 1257.082
-1070.853 511.090 1256.568
-1072.060 512.256 1255.000
-1070.968 513.188 1255.641
-1071.436 511.215 1256.073
-1071.451 514.002 1254.905
-1071.963 511.944 1255.293
-1072.256 511.632 1255.113
-1070.527 511.399 1256.740
-1071.453 510.851 1256.058
-1071.375 510.537 1256.362
-1071.820 512.245 1255.196
-1071.901 511.923 1255.228
-1071.142 512.553 1255.738
-1072.375 512.332 1254.653
-1071.978 512.588 1254.981
-1071.520 511.899 1255.600
-1071.173 512.568 1255.760
-1071.407 511.189 1256.039
-1070.841 511.085 1256.572
-1072.484 511.635 1254.885
-1071.269 511.771 1255.923
-1071.214 511.826 1255.931
-1071.666 511.504 1255.603
-1071.596 511.936 1255.654
-1070.271 512.110 1256.639
-1071.824 511.845 1255.353
-1071.222 511.830 1255.936
-1072.004 511.202 1255.464
-1072.511 512.675 1254.413
-1071.622 511.597 1255.626
-1071.016 511.827 1256.189
-1072.075 512.263 1255.011
-1071.672 512.627 1255.166
-1071.929 511.281 1255.465
-1070.428 511.722 1256.697
-1071.077 511.494 1256.183
-1071.297 511.884 1255.793
-1071.116 511.141 1256.184
-1070.784 511.323 1256.483
-1071.980 512.588 1254.959
-1071.684 511.513 1255.628
-1070.991 511.814 1256.160
-1070.903 510.754 1256.579
-1071.149 511.158 1256.219
-1071.850 511.592 1255.420
-1070.006 511.318 1257.304
-1071.379 511.163 1256.005
-1072.140 511.934 1255.032
-1071.403 512.479 1255.473
-1071.900 511.532 1255.385
-1070.569 512.434 1256.252
-1070.859 511.105 1256.587
-1070.678 510.750 1256.785
-1072.027 512.239 1254.965
-1070.740 511.395 1256.501
-1071.782 510.944 1255.699
-1070.106 512.020 1256.833
-1070.733 511.793 1256.331
-1071.202 510.443 1256.391
-1071.358 511.174 1255.971
-1072.333 511.295 1255.105
-1071.497 511.918 1255.544
-1071.250 511.882 1255.730
-1070.699 511.652 1256.414
-1071.166 511.821 1255.853
-1070.988 512.835 1255.595
-1071.331 511.818 1255.747
-1071.250 512.879 1255.419
-1071.189 512.202 1255.709
-1071.394 510.841 1255.962
-1071.004 511.467 1256.099
-1071.345 511.423 1255.923
-1070.975 510.438 1256.583
-1070.712 511.413 1256.453
-1071.006 511.735 1256.075
-1070.300 512.028 1256.574
-1072.483 510.269 1255.355
-1071.509 510.782 1256.001
-1070.392 511.701 1256.612
-1071.726 512.581 1255.135
-1071.158 511.183 1256.206
-1071.214 512.215 1255.738
-1070.354 511.705 1256.590
-1071.287 510.781 1256.221
-1071.001 511.454 1256.094
-1071.070 512.526 1255.654
-1072.552 512.342 1254.360
-1071.438 510.852 1256.003
-1070.782 509.957 1256.953
-1068.916 511.511 1258.092
-1071.773 511.840 1255.298
-1071.222 511.478 1255.879
-1071.078 511.505 1256.174
-1071.070 512.135 1255.810
-1071.644 511.246 1255.593
-1071.981 511.211 1255.417
-1072.504 511.292 1254.830
-1071.423 510.845 1255.992
-1070.832 510.716 1256.481
-1071.045 511.488 1256.139
-1070.483 511.386 1256.663
-1071.253 511.493 1255.900
-1070.175 511.313 1257.015
-1072.181 510.215 1255.481
-1071.257 511.484 1255.900
-1071.910 511.281 1255.418
-1069.926 511.287 1257.214
-1070.714 511.404 1256.476
-1071.688 510.783 1255.731
-1071.741 510.532 1255.815
-1071.278 511.506 1255.929
-1070.994 511.741 1256.069
-1070.371 510.304 1257.075
-1071.359 512.188 1255.443
-1070.933 511.814 1256.054
-1070.618 512.107 1256.241
-1071.689 513.290 1254.800
-1072.674 512.021 1254.464
-1071.322 512.543 1255.455
-1069.922 512.405 1256.758
-1071.747 511.827 1255.268
-1071.761 510.932 1255.661
-1071.799 511.976 1255.173
-1070.699 511.394 1256.429
-1070.789 511.078 1256.480
-1070.514 512.048 1256.353
-1072.114 510.555 1255.473
-1072.232 510.887 1255.173
-1071.027 511.478 1256.115
-1070.696 511.395 1256.451
-1072.247 511.358 1255.096
-1070.954 511.804 1256.088
-1070.491 511.400 1256.660
-1071.876 511.508 1255.342
-1072.391 511.597 1254.762
-1071.671 511.248 1255.610
-1071.763 511.920 1255.374
-1072.142 510.546 1255.476
-1071.373 511.181 1255.981
-1071.806 511.857 1255.333
-1071.826 510.492 1255.828
-1071.667 512.645 1255.143
-1071.147 511.167 1256.196
-1071.134 511.159 1256.163
-1070.502 510.008 1257.167
-1071.715 510.798 1255.775
-1070.581 512.071 1256.410
-1071.667 511.257 1255.609
-1072.732 511.308 1254.628
-1071.266 511.511 1255.924
-1070.789 511.078 1256.480
-1071.350 511.559 1255.773
-1071.751 511.840 1255.273
-1071.324 510.048 1256.391
-1071.220 511.476 1255.865
-1071.519 510.530 1256.035
-1070.222 510.974 1257.012
-1071.575 511.562 1255.567
-1071.404 510.846 1255.981
-1070.558 511.062 1256.704
-1071.202 512.108 1255.878
-1071.217 511.753 1255.840
-1071.015 511.484 1256.109
-1070.836 512.117 1256.020
-1071.635 511.508 1255.550
-1072.033 512.251 1254.948
-1071.426 512.232 1255.504
-1070.761 512.441 1255.979
-1071.827 511.600 1255.372
-1070.382 511.696 1256.593
-1072.590 510.975 1254.889
-1071.502 511.887 1255.540
-1070.999 512.851 1255.605
-1071.176 511.827 1255.872
-1071.264 511.767 1255.895
-1071.002 511.465 1256.085
-1071.021 511.464 1256.096
-1070.861 512.120 1256.059
-1072.250 510.229 1255.561
-1071.443 512.620 1255.345
-1070.623 510.331 1256.890
-1071.206 510.823 1256.199
-1071.348 511.168 1255.951
-1071.922 511.181 1255.352
-1070.584 511.075 1256.734
-1071.008 511.458 1256.099
-1071.402 512.210 1255.497
-1071.393 512.216 1255.469
-1071.162 511.809 1255.849
-1070.707 511.800 1256.269
-1070.556 511.695 1256.332
-1071.124 512.179 1255.630
-1070.656 511.385 1256.402
-1071.166 512.212 1255.697
-1070.738 511.332 1256.410
-1071.486 511.405 1255.627
-1072.310 511.918 1254.730
-1071.014 511.082 1256.274
-1070.075 510.649 1257.273
-1071.120 509.776 1256.645
-1071.846 511.884 1255.164
-1070.508 512.033 1256.334
-1072.250 510.896 1255.198
-1070.385 511.698 1256.607
-1072.230 511.605 1255.057
-1071.573 511.573 1255.580
-1071.181 511.829 1255.864
-1071.554 511.184 1255.725
-1072.121 511.934 1254.985
-1071.107 510.768 1256.339
-1071.433 512.236 1255.509
-1071.456 510.861 1256.027
-1070.787 512.465 1256.000
-1071.155 511.170 1256.202
-1070.875 512.114 1256.043
-1071.820 510.222 1255.860
-1071.276 510.129 1256.408
-1070.688 511.780 1256.254
-1071.108 511.157 1256.147
-1071.721 512.300 1255.154
-1072.131 511.939 1255.004
-1071.115 512.549 1255.686
-1070.642 511.740 1256.440
-1071.163 511.080 1256.135
-1071.654 510.839 1255.764
-1071.174 511.803 1255.854
-1072.385 511.690 1254.843
-1070.539 510.651 1256.844
-1071.276 511.482 1255.911
-1071.768 511.560 1255.317
-1069.898 511.272 1257.171
-1070.926 511.789 1256.045
-1071.703 512.290 1255.130
-1071.531 510.431 1255.968
-1071.718 512.298 1255.140
-1070.919 510.410 1256.532
-1071.492 511.882 1255.521
-1071.925 511.183 1255.366
-1071.150 513.169 1255.381
-1071.549 511.828 1255.527
-1070.250 510.990 1257.056
-1070.217 512.348 1256.528
-1071.918 511.654 1255.263
-1070.435 511.361 1256.618
-1070.624 510.733 1256.725
-1071.025 511.490 1256.128
-1070.933 510.406 1256.552
-1070.604 512.110 1256.221
-1071.824 510.492 1255.850
-1070.837 512.128 1256.011
-1070.982 512.855 1255.607
-1070.830 512.103 1256.002
-1072.389 510.963 1255.143
-1071.125 511.801 1255.813
-1071.909 511.270 1255.427
-1071.068 510.736 1256.285
-1071.411 512.225 1255.493
-1071.833 510.484 1255.842
-1070.119 511.285 1256.964
-1071.411 511.094 1255.945
-1072.008 510.863 1255.411
-1071.172 511.814 1255.868
-1071.891 510.152 1255.858
-1072.421 511.612 1254.784
-1071.154 511.087 1256.143
-1070.766 511.067 1256.464
-1070.944 511.798 1256.069
-1070.353 513.082 1256.132
-1070.696 511.395 1256.451
-1070.021 511.597 1256.908
-1071.321 511.166 1255.935
-1071.321 511.421 1255.884
-1071.399 512.208 1255.483
-1070.600 512.097 1256.216
-1070.440 511.363 1256.609
-1071.187 510.824 1256.188
-1070.730 512.426 1255.958
-1071.002 511.465 1256.085
-1071.539 511.822 1255.508
-1070.397 511.705 1256.640
-1071.008 511.067 1256.256
-1071.347 511.084 1255.892
-1070.326 510.644 1257.092
-1071.642 511.113 1255.757
-1071.878 511.521 1255.369
-1071.489 512.159 1255.497
-1071.966 511.203 1255.406
-1072.363 510.949 1255.113
-1070.447 510.978 1256.806
-1071.476 512.153 1255.500
-1071.224 510.832 1256.224
-1071.330 511.158 1255.927
-1071.951 511.207 1255.386
-1072.189 511.585 1255.016
-1071.570 511.837 1255.529
-1071.365 511.177 1255.976
-1071.161 512.189 1255.701
-1072.540 511.311 1254.878
-1072.331 509.918 1255.584
-1071.849 511.992 1255.241
-1071.840 511.513 1255.333
-1071.715 510.798 1255.775
-1072.527 511.306 1254.881
-1072.047 510.860 1255.434
-1070.963 511.820 1256.120
-1071.951 510.149 1255.905
-1071.031 511.081 1256.307
-1072.131 511.939 1255.004
-1070.726 511.399 1256.482
-1071.622 511.112 1255.710
-1071.939 511.179 1255.385
-1070.617 510.330 1256.899
-1071.638 509.722 1256.208
-1071.794 512.229 1255.130
-1071.344 511.155 1255.947
-1071.157 510.432 1256.350
-1071.412 511.107 1255.972
-1071.802 511.587 1255.343
-1071.275 510.507 1256.225
-1070.977 511.710 1256.041
-1071.569 510.451 1256.031
-1070.280 512.030 1256.563
-1071.185 512.211 1255.708
-1071.112 512.536 1255.681
-1069.936 511.293 1257.234
-1071.403 512.221 1255.488
-1071.332 511.160 1255.941
-1071.320 512.932 1255.285
-1070.563 510.675 1256.887
-1070.975 511.721 1256.054
-1071.051 510.092 1256.619
-1071.213 511.485 1255.886
-1070.294 510.638 1257.048
-1072.507 509.919 1255.336
-1071.614 511.594 1255.620
-1070.623 511.720 1256.424
-1072.394 511.612 1254.803
-1071.269 510.103 1256.399
-1071.338 511.164 1255.968
-1070.608 511.712 1256.414
-1071.651 511.239 1255.607
-1072.574 510.967 1254.879
-1072.043 512.257 1254.967
-1070.991 511.071 1256.258
-1071.841 511.492 1255.329
-1070.937 511.807 1256.091
-1070.790 511.059 1256.512
-1071.717 512.309 1255.154
-1071.053 510.022 1256.565
-1071.400 510.833 1255.976
-1071.159 512.198 1255.678
-1070.443 510.987 1256.806
-1070.889 511.783 1256.045
-1071.644 510.857 1255.785
-1070.694 512.781 1255.971
-1071.856 511.521 1255.344
-1071.134 510.687 1256.297
-1070.641 510.743 1256.750
-1071.019 511.475 1256.110
-1071.873 511.908 1255.185
-1070.625 512.100 1256.255
-1072.108 511.928 1254.989
-1071.424 510.361 1256.112
-1070.957 511.806 1256.102
-1072.041 510.880 1255.446
-1070.822 510.990 1256.452
-1071.103 511.133 1256.151
-1071.427 511.115 1255.982
-1070.925 512.057 1256.043
-1071.074 511.129 1256.121
-1071.700 512.166 1255.271
-1069.976 511.056 1257.289
-1071.600 510.466 1256.052
-1070.681 511.387 1256.441
-1071.933 511.187 1255.371
-1071.348 511.168 1255.951
-1070.507 512.022 1256.343
-1070.822 510.990 1256.452
-1070.465 511.376 1256.639
-1070.129 511.290 1256.984
-1071.099 512.034 1255.777
-1072.233 511.256 1255.013
-1070.912 510.769 1256.575
-1071.023 511.466 1256.110
-1071.927 511.174 1255.388
-1071.547 511.826 1255.513
-1071.121 511.143 1256.176
-1070.858 512.118 1256.045
-1070.699 511.394 1256.429
-1070.102 510.263 1257.481
-1071.221 511.744 1255.841
-1071.432 513.250 1255.003
-1071.903 512.570 1254.874
-1071.419 510.854 1255.991
-1070.615 511.716 1256.419
-1070.365 511.699 1256.595
-1070.784 511.077 1256.489
-1071.698 512.565 1255.092
-1071.827 511.495 1255.309
-1071.007 511.469 1256.113
-1070.764 511.067 1256.487
-1071.788 512.239 1255.152
-1070.822 512.121 1256.001
-1071.169 510.815 1256.164
-1070.802 511.086 1256.513
-1071.363 511.175 1255.962
-1071.380 512.210 1255.472
-1072.404 512.006 1254.630
-1071.403 511.112 1255.943
-1071.141 510.691 1256.302
-1070.711 512.427 1255.947
-1071.386 511.092 1255.906
-1071.175 511.816 1255.881
-1069.995 510.949 1257.236
-1071.187 510.824 1256.188
-1071.812 511.593 1255.362
-1072.321 510.938 1255.050
-1072.061 510.889 1255.449
-1070.698 511.383 1256.438
-1072.186 511.605 1255.007
-1072.013 510.865 1255.403
-1071.596 510.196 1256.062
-1070.810 511.479 1256.326
-1070.485 511.388 1256.677
-1070.641 510.743 1256.750
-1072.034 510.876 1255.441
-1071.278 511.897 1255.773
-1071.798 511.854 1255.327
-1071.533 511.162 1255.696
-1071.312 511.428 1255.892
-1071.268 511.500 1255.910
-1070.866 510.746 1256.543
-1070.461 511.385 1256.638
-1070.716 512.429 1255.939
-1070.834 512.115 1256.006
-1071.929 511.196 1255.370
-1071.248 511.491 1255.908
-1071.089 511.137 1256.132
-1070.465 511.376 1256.639
-1071.801 511.576 1255.352
-1071.184 512.200 1255.717
-1070.026 510.575 1257.450
-1070.714 511.404 1256.476
-1071.745 510.450 1255.747
-1072.324 509.914 1255.578
-1072.684 510.650 1254.941
-1071.656 510.863 1255.782
-1071.594 511.582 1255.582
-1071.188 510.425 1256.367
-1071.811 510.484 1255.817
-1073.055 511.779 1254.129
-1071.199 510.819 1256.194
-1072.085 510.529 1255.439
-1071.310 511.160 1255.916
-1071.134 511.159 1256.163
-1070.887 510.755 1256.546
-1070.904 511.790 1256.056
-1071.802 510.847 1255.638
-1071.747 511.827 1255.268
-1071.966 511.203 1255.406
-1071.564 510.447 1256.003
-1070.905 512.046 1256.005
-1071.765 511.837 1255.292
-1071.838 511.512 1255.319
-1071.322 510.437 1256.221
-1071.296 511.799 1255.698
-1071.286 511.415 1255.863
-1071.347 511.084 1255.892
-1071.469 512.150 1255.495
-1071.385 512.212 1255.463
-1070.561 512.062 1256.408
-1070.526 512.043 1256.359
-1071.202 511.857 1255.684
-1069.610 510.931 1257.571
-1069.916 511.282 1257.195
-1070.220 512.361 1256.533
-1072.063 511.904 1254.921
-1071.396 511.087 1255.934
-1070.204 512.342 1256.531
-1070.682 510.267 1256.883
-1071.711 510.906 1255.601
-1070.274 512.015 1256.544
-1071.358 511.562 1255.778
-1070.884 511.779 1256.017
-1071.090 512.536 1255.656
-1069.954 511.948 1256.891
-1071.625 511.226 1255.578
-1070.518 511.042 1256.663
-1070.839 512.117 1255.998
-1071.439 510.758 1255.930
-1071.375 512.206 1255.444
-1071.599 511.101 1255.694
-1070.952 510.426 1256.567
-1071.227 511.480 1255.870
-1071.355 511.172 1255.957
-1071.130 511.063 1256.100
-1070.397 510.317 1257.105
-1070.766 512.445 1256.007
-1070.398 511.354 1256.582
-1069.742 510.542 1257.591
-1071.729 511.818 1255.244
-1069.516 511.269 1257.547
-1071.566 512.850 1255.009
-1070.829 512.114 1256.015
-1071.119 512.177 1255.638
-1071.188 511.727 1255.806
-1070.174 512.338 1256.501
-1070.845 512.027 1255.953
-1071.418 511.866 1255.450
-1071.587 511.484 1255.505
-1071.088 511.771 1255.773
-1070.615 511.742 1256.178
-1071.584 511.482 1255.491
-1070.539 510.568 1256.785
-1070.177 510.952 1256.980
-1070.594 511.716 1256.394
