-1074.642 514.375 1252.724
-1073.154 512.873 1254.713
-1074.110 513.621 1253.498
-1073.652 514.331 1253.641
-1072.929 513.495 1254.583
-1074.201 513.305 1253.549
-1073.121 512.856 1254.678
-1074.061 512.582 1253.981
-1072.193 513.404 1255.383
-1073.412 513.918 1254.003
-1072.439 513.430 1255.205
-1072.755 513.116 1255.014
-1073.058 513.187 1254.670
-1073.418 513.202 1254.295
-1073.802 513.937 1253.658
-1072.711 514.883 1254.327
-1072.507 513.090 1255.214
-1073.597 513.288 1254.120
-1073.007 513.160 1254.610
-1073.486 515.371 1253.382
-1073.665 513.216 1254.104
-1073.161 514.170 1254.178
-1073.411 513.929 1254.016
-1073.534 515.290 1253.365
-1073.442 514.324 1253.867
-1073.164 512.878 1254.732
-1073.033 514.561 1254.150
-1072.790 512.772 1255.015
-1072.648 513.815 1254.796
-1072.710 513.104 1254.974
-1073.313 511.839 1254.956
-1072.273 513.072 1255.424
-1072.784 514.558 1254.354
-1073.479 514.248 1253.844
-1074.297 514.368 1253.111
-1073.515 513.999 1253.894
-1073.594 513.286 1254.106
-1072.101 513.731 1255.344
-1072.778 514.543 1254.335
-1073.048 513.194 1254.678
-1073.326 512.861 1254.460
-1073.117 514.242 1254.196
-1073.017 513.443 1254.583
-1071.926 512.989 1255.727
-1072.690 513.095 1254.971
-1072.816 512.785 1255.044
-1073.219 515.214 1253.713
-1072.810 512.781 1255.017
-1073.793 513.922 1253.662
-1073.131 512.861 1254.697
-1072.970 512.395 1255.089
-1072.425 513.434 1255.186
-1072.737 513.497 1254.833
-1073.759 514.022 1253.703
-1073.118 512.856 1254.700
-1071.885 513.332 1255.735
-1072.838 513.187 1254.904
-1073.201 514.558 1253.897
-1074.190 513.299 1253.530
-1073.170 513.907 1254.221
-1073.670 514.340 1253.666
-1073.085 513.591 1254.521
-1073.043 513.190 1254.650
-1073.447 514.326 1253.859
-1072.932 513.497 1254.597
-1073.407 512.796 1254.477
-1073.205 513.924 1254.234
-1074.433 513.323 1253.339
-1073.013 513.175 1254.629
-1073.467 512.960 1254.378
-1073.596 513.554 1254.082
-1072.509 514.491 1254.751
-1073.388 514.564 1253.792
-1073.364 514.647 1253.849
-1073.883 513.227 1253.883
-1072.822 514.566 1254.389
-1073.528 513.615 1254.084
-1074.060 512.572 1253.990
-1073.877 513.603 1253.708
-1073.478 513.868 1254.014
-1074.044 512.573 1253.957
-1072.409 513.413 1255.148
-1072.117 514.375 1255.009
-1073.717 514.268 1253.625
-1074.307 512.997 1253.611
-1073.274 513.854 1254.254
-1072.704 512.466 1255.327
-1073.993 514.420 1253.323
-1073.420 513.922 1254.008
-1071.822 513.405 1255.742
-1073.306 513.603 1254.313
-1073.323 513.613 1254.338
-1072.647 515.203 1254.327
-1073.552 513.532 1254.028
-1073.934 514.267 1253.413
-1073.610 513.551 1254.101
-1073.898 513.625 1253.737
-1074.119 514.016 1253.324
-1073.295 513.597 1254.294
-1073.259 513.847 1254.244
-1072.878 513.842 1254.585
-1073.579 512.159 1254.561
-1073.878 513.225 1253.892
-1073.657 512.956 1254.114
-1073.261 513.592 1254.273
-1073.058 513.187 1254.670
-1073.021 513.179 1254.634
-1073.028 513.183 1254.640
-1073.422 513.924 1254.022
-1072.319 513.742 1255.124
-1073.428 514.327 1253.848
-1074.503 512.985 1253.361
-1073.800 512.549 1254.148
-1073.278 513.588 1254.270
-1073.303 513.601 1254.300
-1073.523 513.614 1254.093
-1073.112 514.240 1254.205
-1073.126 512.857 1254.669
-1072.485 513.090 1255.189
-1073.906 513.238 1253.899
-1073.331 513.142 1254.441
-1072.309 513.736 1255.105
-1074.484 513.632 1253.142
-1073.387 514.184 1253.963
-1072.458 512.051 1255.697
-1074.180 513.294 1253.511
-1073.352 513.531 1254.273
-1074.443 513.318 1253.367
-1074.145 514.029 1253.353
-1072.990 513.527 1254.661
-1073.458 513.212 1254.344
-1072.524 513.100 1255.238
-1073.393 512.800 1254.458
-1074.529 514.777 1252.743
-1072.992 513.907 1254.491
-1073.076 513.207 1254.685
-1073.609 513.294 1254.116
-1072.346 513.744 1255.140
-1073.040 513.177 1254.645
-1073.492 513.865 1254.034
-1072.582 512.767 1255.255
-1073.402 514.191 1253.973
-1073.163 514.159 1254.165
-1072.987 513.914 1254.455
-1073.142 514.255 1254.226
-1073.719 512.966 1254.188
-1073.865 513.971 1253.750
-1073.122 514.246 1254.224
-1073.570 513.541 1254.052
-1074.474 513.344 1253.379
-1073.904 513.638 1253.719
-1073.454 512.808 1254.496
-1073.937 513.378 1253.801
-1073.285 513.592 1254.275
-1073.117 513.122 1254.662
-1073.742 514.002 1253.666
-1073.182 512.888 1254.756
-1072.747 513.503 1254.852
-1072.830 514.547 1254.390
-1072.553 514.140 1254.744
-1072.971 513.895 1254.453
-1073.432 513.198 1254.314
-1073.437 513.931 1254.033
-1074.169 514.676 1253.024
-1073.271 514.974 1253.810
-1072.377 513.409 1255.140
-1073.284 513.212 1254.445
-1073.879 514.613 1253.401
-1073.281 513.601 1254.275
-1072.852 513.829 1254.555
-1073.618 513.203 1254.049
-1073.127 514.247 1254.215
-1073.032 513.841 1254.437
-1072.963 513.512 1254.618
-1072.427 513.422 1255.172
-1072.982 513.510 1254.629
-1074.122 513.626 1253.494
-1073.196 513.931 1254.242
-1072.864 513.929 1254.624
-1073.248 513.936 1254.297
-1074.148 513.640 1253.524
-1073.098 513.207 1254.710
-1073.527 512.504 1254.527
-1073.659 513.698 1253.992
-1073.739 514.268 1253.650
-1073.995 513.300 1253.767
-1073.217 512.799 1254.706
-1073.295 513.597 1254.294
-1073.130 514.260 1254.220
-1073.142 512.878 1254.707
-1073.175 512.895 1254.742
-1073.804 512.925 1254.201
-1074.952 514.145 1252.637
-1072.244 513.431 1255.442
-1073.362 514.658 1253.862
-1073.307 512.494 1254.770
-1073.233 513.939 1254.277
-1073.977 513.388 1253.850
-1073.506 512.590 1254.597
-1074.577 513.414 1253.279
-1073.078 513.198 1254.708
-1073.743 512.990 1254.231
-1073.021 513.542 1254.682
-1072.929 512.480 1255.112
-1073.870 512.596 1254.223
-1072.533 513.114 1255.234
-1073.252 512.561 1254.769
-1074.021 513.313 1253.796
-1072.793 513.136 1255.077
-1072.227 513.434 1255.445
-1073.644 513.302 1254.174
-1073.370 513.540 1254.297
-1073.536 513.619 1254.089
-1073.845 513.960 1253.712
-1072.521 514.497 1254.748
-1073.776 514.032 1253.728
-1073.593 514.027 1253.970
-1073.855 513.965 1253.731
-1074.693 514.136 1252.822
-1073.446 515.325 1253.583
-1074.241 513.326 1253.589
-1072.998 513.919 1254.474
-1073.478 514.343 1253.916
-1074.076 512.979 1253.799
-1073.921 512.238 1254.229
-1073.266 512.473 1254.730
-1072.823 514.557 1254.412
-1073.853 513.687 1253.764
-1072.715 514.474 1254.529
-1074.353 511.633 1254.146
-1073.114 514.242 1254.218
-1074.388 514.052 1253.162
-1072.532 513.103 1255.244
-1073.389 513.539 1254.308
-1072.785 513.416 1254.816
-1074.066 515.083 1253.061
-1072.811 513.535 1254.909
-1073.753 512.888 1254.151
-1073.847 513.208 1253.834
-1073.796 512.910 1254.205
-1072.866 513.826 1254.575
-1073.127 514.247 1254.215
-1073.374 514.653 1253.868
-1072.429 513.424 1255.186
-1073.182 513.913 1254.218
-1072.041 512.676 1255.817
-1073.325 513.602 1254.325
-1073.095 513.596 1254.540
-1072.768 513.123 1255.047
-1073.815 513.945 1253.691
-1072.721 514.889 1254.346
-1074.709 513.755 1253.025
-1073.101 513.209 1254.724
-1073.666 514.349 1253.665
-1072.694 512.071 1255.500
-1072.505 513.101 1255.227
-1072.765 513.512 1254.877
-1073.459 512.946 1254.382
-1074.017 513.323 1253.796
-1072.309 514.099 1255.153
-1074.352 513.008 1253.652
-1074.490 513.720 1253.228
-1073.861 512.581 1254.226
-1073.209 512.149 1254.907
-1073.569 512.237 1254.601
-1073.869 512.585 1254.232
-1073.598 512.263 1254.635
-1072.532 513.103 1255.244
-1074.235 513.311 1253.571
-1073.127 514.247 1254.215
-1073.704 514.262 1253.628
-1073.523 514.990 1253.611
-1075.037 512.438 1253.150
-1072.963 513.512 1254.618
-1073.060 513.189 1254.683
-1072.144 514.852 1254.928
-1073.402 512.900 1254.549
-1073.160 514.264 1254.250
-1073.051 513.451 1254.641
-1073.088 513.202 1254.691
-1073.430 513.927 1254.027
-1072.789 513.534 1254.884
-1073.759 514.279 1253.688
-1073.109 512.861 1254.672
-1073.441 513.299 1254.406
-1073.339 513.620 1254.348
-1074.249 513.330 1253.594
-1073.068 513.192 1254.689
-1073.137 514.253 1254.234
-1074.041 513.325 1253.834
-1073.235 513.928 1254.264
-1073.316 512.487 1254.762
-1073.069 513.203 1254.680
-1073.781 513.917 1253.665
-1072.955 513.508 1254.613
-1072.675 512.440 1255.292
-1073.360 513.258 1254.325
-1073.781 513.928 1253.656
-1073.658 513.213 1254.099
-1073.578 513.631 1254.152
-1073.096 513.205 1254.696
-1072.991 513.894 1254.464
-1073.675 513.222 1254.123
-1073.532 513.523 1254.026
-1073.574 513.532 1254.053
-1073.106 514.225 1254.186
-1073.470 512.571 1254.548
-1072.586 514.157 1254.779
-1072.782 513.509 1254.874
-1073.046 514.569 1254.183
-1073.426 513.292 1254.395
-1072.819 514.175 1254.568
-1074.110 513.621 1253.498
-1073.468 514.337 1253.897
-1073.874 512.587 1254.223
-1072.998 513.530 1254.667
-1072.973 513.517 1254.637
-1073.602 513.547 1254.096
-1072.331 513.737 1255.130
-1072.907 515.223 1254.134
-1073.829 513.941 1253.710
-1072.760 513.508 1254.849
-1073.691 514.606 1253.652
-1072.412 514.792 1254.681
-1074.161 513.658 1253.548
-1073.489 512.570 1254.559
-1073.465 513.946 1254.076
-1074.208 513.309 1253.554
-1073.949 513.373 1253.807
-1073.610 513.551 1254.101
-1074.173 513.653 1253.554
-1073.354 513.628 1254.359
-1074.042 514.702 1253.353
-1073.999 512.924 1253.964
-1074.346 513.007 1253.660
-1074.067 513.961 1253.492
-1072.696 512.462 1255.322
-1073.961 514.671 1253.264
-1073.004 513.437 1254.586
-1074.687 514.121 1252.803
-1072.901 514.110 1254.586
-1073.036 514.563 1254.164
-1072.731 513.115 1255.012
-1073.308 513.605 1254.327
-1073.226 513.914 1254.268
-1072.899 513.111 1254.883
-1073.607 513.294 1254.139
-1073.657 514.335 1253.669
-1073.017 514.543 1254.148
-1073.310 513.594 1254.314
-1073.983 513.295 1253.770
-1073.078 513.198 1254.708
-1073.917 513.624 1253.748
-1073.787 514.187 1253.632
-1073.017 513.166 1254.629
-1072.943 513.513 1254.607
-1073.934 513.253 1253.943
-1073.897 512.598 1254.239
-1073.479 513.857 1254.001
-1073.860 513.216 1253.867
-1074.030 511.931 1254.305
-1072.339 512.352 1255.602
-1072.752 513.505 1254.844
-1072.792 514.160 1254.525
-1073.658 513.213 1254.099
-1072.504 513.088 1255.200
-1072.931 514.237 1254.461
-1073.163 513.513 1254.373
-1074.303 512.984 1253.606
-1073.275 513.186 1254.458
-1073.509 513.617 1254.073
-1074.697 512.348 1253.469
-1073.891 513.231 1253.889
-1073.964 513.380 1253.818
-1073.055 513.576 1254.499
-1072.540 513.107 1255.249
-1073.826 513.939 1253.697
-1073.474 512.953 1254.392
-1071.705 514.099 1255.505
-1072.108 513.333 1255.515
-1073.347 513.529 1254.281
-1073.913 513.633 1253.748
-1074.148 513.640 1253.524
-1074.328 512.986 1253.645
-1073.921 513.615 1253.749
-1073.561 513.900 1254.117
-1073.695 513.220 1254.134
-1074.246 513.328 1253.581
-1073.315 512.476 1254.771
-1073.891 513.705 1253.791
-1072.771 513.503 1254.855
-1072.926 513.867 1254.630
-1074.673 514.085 1252.998
-1074.559 513.013 1253.412
-1074.180 514.048 1253.402
-1073.464 514.603 1253.881
-1074.512 513.732 1253.244
-1073.565 512.892 1254.393
-1073.366 513.622 1254.365
-1073.960 514.766 1253.336
-1073.622 512.654 1254.481
-1073.997 513.397 1253.853
-1073.175 514.272 1254.261
-1073.925 513.627 1253.753
-1073.230 513.926 1254.273
-1074.272 511.942 1254.086
-1073.613 512.165 1254.582
-1074.148 512.995 1253.892
-1074.627 514.063 1252.966
-1072.938 513.861 1254.636
-1073.335 513.216 1254.500
-1074.085 513.971 1253.516
-1073.463 513.944 1254.062
-1073.562 513.610 1254.115
-1073.492 514.339 1253.936
-1074.131 512.996 1253.859
-1072.557 513.116 1255.273
-1073.631 512.174 1254.607
-1073.774 514.287 1253.699
-1073.966 513.648 1253.794
-1073.634 513.296 1254.155
-1073.325 513.602 1254.325
-1073.015 513.527 1254.664
-1075.308 514.242 1252.328
-1072.910 513.848 1254.629
-1072.669 513.826 1254.834
-1073.902 513.616 1253.738
-1072.441 513.419 1255.192
-1073.132 513.129 1254.673
-1073.592 513.542 1254.077
-1074.187 512.273 1254.054
-1072.938 512.462 1255.113
-1073.253 513.938 1254.289
-1073.625 514.680 1253.682
-1074.010 514.307 1253.502
-1073.072 514.582 1254.213
-1074.380 512.650 1253.633
-1073.084 513.686 1254.593
-1074.172 513.664 1253.567
-1073.331 513.616 1254.343
-1074.282 513.347 1253.629
-1073.488 513.958 1254.092
-1073.293 512.559 1254.805
-1073.000 513.519 1254.653
-1072.557 513.116 1255.273
-1074.674 512.700 1253.501
-1073.552 513.884 1254.085
-1073.254 514.034 1254.375
-1072.945 513.865 1254.642
-1073.489 514.338 1253.922
-1073.474 514.207 1254.066
-1074.193 513.664 1253.592
-1074.267 513.317 1253.615
-1074.601 513.025 1253.475
-1074.108 512.985 1253.843
-1073.230 513.926 1254.273
-1073.435 513.284 1254.387
-1074.030 514.685 1253.343
-1073.259 513.930 1254.303
-1072.527 513.099 1255.216
-1072.389 513.509 1255.209
-1073.187 514.267 1254.267
-1074.505 513.728 1253.239
-1073.181 512.877 1254.765
-1072.815 514.257 1254.636
-1073.160 514.264 1254.250
-1072.684 513.832 1254.808
-1073.369 513.529 1254.306
-1073.612 514.673 1253.649
-1072.813 514.160 1254.550
-1074.574 513.412 1253.265
-1074.147 513.385 1253.575
-1074.945 514.141 1252.631
-1073.664 513.311 1254.176
-1073.188 513.783 1254.387
-1074.205 512.282 1254.078
-1073.392 514.271 1254.049
-1072.952 513.858 1254.656
-1073.957 513.633 1253.797
-1074.005 514.672 1253.313
-1072.785 513.522 1254.879
-1073.310 513.873 1254.303
-1073.276 513.949 1254.304
-1074.380 512.756 1253.697
-1072.864 512.809 1255.090
-1072.650 512.790 1255.311
-1072.945 514.256 1254.485
-1074.589 513.030 1253.469
-1073.265 513.945 1254.321
-1073.965 513.637 1253.803
-1073.438 514.188 1254.018
-1073.812 512.652 1254.253
-1074.130 514.384 1253.391
-1073.423 514.286 1254.070
-1073.728 513.237 1254.169
-1073.463 513.944 1254.062
-1073.425 513.300 1254.372
-1073.191 512.880 1254.748
-1074.233 514.063 1253.448
-1073.043 514.188 1254.500
-1073.050 513.546 1254.713
-1073.601 513.642 1254.168
-1072.928 512.858 1254.928
-1073.154 513.235 1254.761
-1072.894 512.824 1255.111
-1075.231 513.178 1252.778
-1074.031 513.319 1253.815
-1073.371 513.624 1254.356
-1073.530 514.358 1253.962
-1073.231 512.901 1254.788
-1073.485 514.591 1253.879
-1074.121 512.601 1254.032
-1073.896 513.964 1253.767
-1073.130 513.211 1254.718
-1074.186 513.013 1253.919
-1072.140 513.845 1255.421
-1072.974 512.492 1255.152
-1075.337 514.246 1252.359
-1073.584 515.020 1253.654
-1072.668 513.919 1254.870
-1073.658 513.296 1254.158
-1074.046 512.925 1253.992
-1072.203 513.760 1255.423
-1073.132 513.602 1254.539
-1073.815 512.907 1254.180
-1073.714 513.325 1254.209
-1072.706 514.195 1254.881
-1073.523 513.232 1254.387
-1073.852 514.058 1253.790
-1074.099 514.073 1253.599
-1074.310 513.834 1253.539
-1073.012 512.510 1255.179
-1074.015 513.016 1254.034
-1073.584 512.985 1254.476
-1073.407 512.255 1254.872
-1073.011 512.500 1255.188
-1073.371 513.624 1254.356
-1074.581 513.765 1253.292
-1074.038 514.795 1253.412
-1074.162 513.999 1253.592
-1073.007 514.275 1254.514
-1073.762 514.765 1253.559
-1073.688 512.191 1254.644
-1073.401 513.639 1254.378
-1074.328 513.369 1253.661
-1074.123 513.087 1253.926
-1074.023 513.665 1253.831
-1073.822 513.007 1254.293
-1073.411 513.645 1254.397
-1073.780 512.996 1254.230
-1073.655 512.269 1254.682
-1073.678 514.049 1254.060
-1073.566 514.375 1253.975
-1073.395 513.626 1254.395
-1073.533 513.969 1254.133
-1074.125 512.698 1254.096
-1073.518 513.959 1254.086
-1073.588 513.634 1254.135
-1074.222 513.655 1253.595
-1073.890 513.971 1253.753
-1074.100 513.978 1253.527
-1074.013 513.383 1253.859
-1074.944 513.114 1253.134
-1073.863 514.053 1253.795
-1073.857 514.038 1253.777
-1075.020 512.791 1253.174
-1073.862 514.064 1253.809
-1073.086 515.341 1254.078
-1073.264 513.932 1254.294
-1074.017 513.374 1253.859
-1074.612 514.807 1252.810
-1073.558 514.371 1253.970
-1074.846 513.437 1253.068
-1073.886 514.064 1253.811
-1073.071 513.555 1254.715
-1073.488 514.307 1254.113
-1073.871 514.057 1253.801
-1074.089 514.067 1253.580
-1074.173 513.006 1253.886
-1073.411 513.645 1254.397
-1073.111 513.470 1254.692
-1074.081 514.455 1253.417
-1072.882 513.549 1254.966
-1074.181 513.740 1253.618
-1074.104 512.698 1254.071
-1073.477 514.693 1253.937
-1073.849 514.056 1253.776
-1073.358 513.618 1254.359
-1073.054 513.926 1254.521
-1073.882 512.674 1254.287
-1073.460 513.284 1254.390
-1074.256 513.406 1253.668
-1074.375 514.396 1253.186
-1073.721 513.719 1254.057
-1074.144 514.102 1253.421
-1073.600 512.252 1254.622
-1074.620 513.412 1253.293
-1073.111 514.590 1254.226
-1073.317 513.948 1254.340
-1075.003 514.169 1252.660
