17.857 -320.822 146.565
18.041 -320.733 146.113
18.001 -320.768 146.213
17.912 -320.690 146.264
18.170 -320.707 146.135
18.182 -321.034 145.837
18.269 -321.165 145.934
18.113 -320.608 146.492
18.056 -320.650 146.472
17.871 -320.681 146.435
17.881 -320.612 146.765
17.838 -320.197 146.987
17.787 -319.854 147.027
17.768 -319.720 146.970
17.613 -319.316 147.546
17.528 -319.418 147.888
17.765 -319.901 147.480
17.672 -319.777 147.524
17.748 -320.008 147.456
17.349 -319.711 147.999
17.557 -319.779 147.582
17.394 -319.050 148.110
17.356 -318.900 148.118
17.182 -318.442 148.518
17.239 -318.704 147.927
17.372 -318.680 147.722
17.186 -318.379 148.016
17.357 -318.592 147.587
17.184 -318.183 147.849
17.307 -318.146 147.721
17.389 -318.787 147.663
17.284 -318.353 148.219
17.115 -318.274 148.457
17.105 -318.425 148.515
16.957 -318.231 148.549
17.038 -318.466 148.345
17.124 -318.222 148.282
17.132 -318.016 148.354
17.006 -317.608 148.471
17.127 -317.685 148.228
17.171 -317.840 148.185
17.025 -317.648 148.538
17.184 -317.769 148.413
17.195 -317.641 148.424
17.149 -317.558 148.494
17.120 -317.518 148.355
16.877 -317.267 148.782
17.027 -317.346 148.328
16.913 -317.198 148.498
17.032 -317.235 148.215
17.108 -317.334 148.061
16.951 -317.124 148.156
16.931 -316.986 148.121
16.717 -316.848 148.238
16.900 -316.891 148.011
16.937 -316.636 148.244
16.864 -316.641 148.223
16.750 -316.538 148.378
16.802 -316.764 148.128
16.748 -316.545 148.332
16.647 -316.368 148.414
16.726 -316.367 148.310
16.719 -316.309 148.144
16.478 -315.835 148.470
16.587 -315.600 148.370
16.620 -315.659 148.249
16.475 -315.582 148.412
16.539 -315.687 148.429
16.705 -315.872 148.174
16.646 -315.775 148.250
16.650 -315.678 148.398
16.548 -315.618 148.525
16.575 -315.649 148.522
16.569 -315.819 148.713
16.714 -316.092 148.419
16.511 -315.937 148.807
16.585 -315.958 148.507
16.669 -316.003 148.420
16.646 -316.064 148.529
16.627 -316.026 148.680
16.759 -316.177 148.389
16.755 -316.183 148.457
16.670 -316.141 148.584
16.593 -315.918 148.789
16.752 -316.048 148.521
16.683 -316.109 148.758
16.823 -316.304 148.360
16.532 -316.313 148.489
16.573 -316.231 148.468
16.674 -316.353 148.388
16.569 -316.492 148.403
16.475 -316.355 148.511
16.289 -316.199 148.847
16.446 -316.590 148.317
16.260 -316.474 148.613
16.335 -316.392 148.602
16.292 -316.517 148.585
16.201 -316.372 148.700
16.250 -316.578 148.610
16.273 -316.463 148.739
16.247 -316.308 148.884
16.439 -316.662 148.634
16.310 -316.494 148.764
16.280 -316.476 148.713
16.191 -316.394 148.849
16.185 -316.332 148.694
16.281 -316.589 148.429
16.172 -316.368 148.363
15.995 -315.920 148.758
16.134 -316.118 148.757
15.976 -316.019 149.143
16.143 -316.296 148.845
16.116 -316.219 148.677
15.956 -316.381 148.578
15.818 -316.294 148.619
15.817 -316.147 148.747
15.792 -315.944 149.000
15.886 -315.672 148.846
15.959 -315.876 148.501
15.795 -315.635 148.588
15.897 -315.716 148.489
15.801 -315.370 148.827
15.879 -315.075 148.953
15.772 -315.027 149.230
15.980 -315.397 148.692
15.794 -315.481 148.794
15.842 -315.606 149.164
15.789 -315.542 149.270
15.668 -315.440 149.447
15.757 -315.556 149.299
15.796 -315.722 149.451
15.777 -315.684 149.630
15.861 -315.702 149.566
15.459 -315.432 150.146
15.654 -315.713 149.923
15.781 -316.082 149.672
15.644 -315.917 149.644
15.679 -316.036 149.648
15.622 -315.789 149.521
15.458 -315.474 149.668
15.540 -315.495 149.316
15.382 -315.393 149.362
15.363 -315.511 149.205
15.240 -315.386 149.137
15.142 -315.386 149.220
15.291 -315.720 148.761
15.179 -315.496 149.033
15.109 -315.110 149.167
15.284 -315.280 149.364
15.236 -315.449 149.239
15.234 -315.299 149.433
15.353 -315.390 149.674
15.187 -315.288 149.747
15.189 -315.226 149.831
15.342 -315.347 149.710
15.074 -315.348 149.763
15.213 -315.254 149.677
15.174 -315.210 149.740
15.058 -315.156 150.000
15.015 -314.999 150.065
14.917 -314.884 149.978
14.947 -314.961 149.903
14.778 -314.684 150.177
14.693 -314.641 150.416
14.657 -314.432 150.716
14.862 -314.362 150.546
14.624 -314.220 150.515
14.401 -314.292 150.737
14.353 -314.357 150.545
14.327 -314.418 150.622
14.292 -314.841 150.354
13.973 -314.748 150.355
13.892 -314.481 150.331
13.684 -314.181 150.276
13.448 -313.784 150.657
13.363 -313.765 150.956
13.338 -313.789 151.123
13.342 -313.811 151.153
13.213 -313.629 151.319
13.205 -313.801 151.402
13.237 -313.796 151.359
13.195 -313.844 151.324
13.291 -313.818 151.290
13.065 -313.912 151.434
13.055 -314.005 151.207
13.113 -314.024 150.948
13.209 -313.919 150.948
12.995 -313.775 150.978
12.811 -313.461 151.174
12.966 -313.502 150.895
12.884 -313.390 150.849
12.812 -313.365 150.669
12.602 -313.460 150.613
12.797 -313.390 150.440
12.526 -313.058 150.450
12.694 -313.226 149.994
12.361 -312.877 150.182
12.311 -313.106 149.890
12.359 -313.068 150.109
12.191 -312.779 150.369
12.363 -312.855 150.359
12.272 -312.877 150.477
12.245 -312.841 150.455
12.316 -312.827 150.273
12.240 -312.849 150.209
12.100 -312.479 150.564
12.056 -312.668 150.254
11.858 -312.511 150.438
11.858 -312.687 150.275
11.831 -312.595 150.212
11.653 -312.703 150.194
11.655 -312.547 150.070
11.454 -312.632 149.888
11.380 -312.625 149.892
11.282 -312.642 149.774
11.202 -312.813 149.378
11.169 -312.549 149.441
11.214 -312.429 149.535
11.125 -312.372 149.530
11.029 -312.314 149.839
11.166 -312.483 149.580
11.149 -312.390 149.868
11.003 -312.278 150.362
11.102 -312.181 150.261
11.122 -312.061 150.189
11.119 -312.183 150.074
10.637 -311.940 150.252
10.567 -311.930 150.190
10.562 -311.956 150.560
10.629 -312.016 150.035
10.341 -312.006 150.263
10.207 -311.855 150.153
10.305 -311.909 149.872
10.089 -311.417 149.819
10.120 -311.484 149.780
9.652 -311.396 149.899
9.895 -311.821 149.547
9.964 -311.845 149.489
9.930 -311.770 149.629
9.887 -311.678 149.865
9.819 -311.443 150.036
9.656 -311.365 150.130
9.480 -311.275 150.139
9.556 -311.430 149.849
9.398 -311.420 149.825
9.584 -311.551 149.615
9.290 -311.419 149.583
9.286 -311.483 149.525
9.264 -311.464 149.522
9.172 -311.475 149.552
8.973 -311.402 149.626
8.910 -311.701 149.043
9.063 -312.024 148.737
8.883 -311.663 148.926
9.152 -311.624 148.714
9.038 -311.483 148.906
8.889 -311.452 149.053
8.861 -311.497 148.869
8.776 -311.284 149.015
8.627 -310.896 149.387
8.595 -310.844 149.193
8.524 -310.663 149.677
8.748 -311.170 149.408
8.775 -311.331 149.397
8.678 -311.165 149.625
8.561 -311.384 150.326
8.528 -312.913 150.884
8.597 -313.321 151.244
8.479 -313.630 151.361
8.338 -313.495 151.627
8.319 -313.775 151.527
7.891 -313.497 151.764
8.095 -313.983 151.454
8.106 -314.186 151.914
8.126 -314.128 151.739
7.916 -313.852 152.184
8.097 -313.877 151.928
7.970 -313.885 151.883
8.023 -313.838 151.659
7.996 -314.091 151.564
7.834 -314.048 151.683
7.850 -313.908 152.006
7.694 -313.825 152.231
7.803 -314.016 151.920
7.564 -314.264 152.061
7.527 -314.404 152.005
7.374 -314.048 152.048
7.336 -314.195 152.029
7.138 -314.127 152.031
7.124 -314.135 151.954
7.088 -314.067 152.110
7.207 -314.154 152.012
7.130 -314.326 151.958
7.046 -314.375 152.112
7.070 -314.487 151.923
7.129 -314.809 151.501
6.935 -314.918 151.411
6.855 -314.799 151.664
6.866 -314.618 151.647
6.594 -314.722 151.819
6.673 -314.793 151.896
6.568 -314.853 152.066
6.583 -314.918 152.225
6.408 -314.747 152.469
6.193 -314.855 152.539
5.846 -314.774 152.782
5.937 -315.206 152.392
5.732 -315.020 152.889
5.730 -315.155 153.030
5.559 -315.049 153.012
5.503 -315.259 152.783
5.380 -315.060 153.113
5.385 -315.136 153.047
5.246 -315.153 153.335
5.460 -315.143 153.273
5.269 -314.714 153.515
5.258 -314.780 153.602
5.265 -314.568 153.871
5.420 -314.671 153.996
5.326 -313.958 155.325
5.526 -313.761 155.589
5.499 -313.682 155.392
5.222 -313.822 155.352
5.204 -314.041 154.989
5.247 -314.138 154.956
5.266 -314.019 154.966
5.112 -313.889 155.189
5.210 -313.988 155.011
5.043 -313.938 155.002
5.070 -313.971 154.868
4.936 -314.096 154.783
4.848 -314.010 154.803
4.616 -314.084 154.870
4.783 -314.137 154.439
4.568 -313.945 154.386
4.467 -313.992 154.444
4.656 -314.175 154.029
4.257 -314.044 154.477
4.518 -314.270 154.079
4.305 -314.190 154.529
4.385 -313.831 154.697
4.254 -313.848 154.629
4.429 -313.886 154.434
4.206 -313.650 154.515
4.121 -313.738 154.581
4.279 -313.900 154.384
4.083 -313.968 154.404
3.974 -313.786 154.565
3.952 -313.698 154.675
3.949 -313.739 154.567
3.976 -313.779 154.465
3.989 -313.849 154.506
3.897 -313.795 154.507
3.879 -313.808 154.548
3.974 -313.883 154.377
3.946 -313.750 154.539
3.849 -313.732 154.522
3.823 -313.620 154.340
3.763 -313.425 154.505
3.818 -313.548 154.236
3.855 -313.621 154.041
3.874 -313.916 153.730
3.630 -313.726 153.952
3.476 -313.370 154.186
3.542 -313.228 154.137
3.587 -313.276 153.999
3.289 -313.272 154.368
3.401 -313.364 153.997
3.312 -313.370 153.988
3.298 -313.208 154.010
3.197 -313.193 154.051
3.176 -313.012 153.898
3.099 -313.042 153.978
2.911 -313.051 153.937
2.968 -313.018 153.836
3.011 -313.055 153.904
2.823 -312.775 154.068
2.832 -312.748 153.940
2.726 -312.436 154.129
2.811 -312.538 154.044
2.777 -312.689 154.007
2.586 -312.742 153.768
2.411 -312.820 153.406
2.361 -313.073 153.055
2.181 -312.772 152.963
2.027 -312.482 153.122
2.065 -312.513 152.741
1.977 -312.532 152.567
2.140 -312.714 152.479
1.819 -312.387 152.725
1.982 -312.353 152.903
1.898 -311.966 153.279
1.754 -311.871 153.557
1.857 -311.920 153.370
1.638 -311.658 153.554
1.530 -311.549 153.518
1.452 -311.686 153.033
1.461 -311.218 153.114
1.114 -310.944 152.924
0.819 -310.708 153.018
0.908 -310.678 152.387
0.666 -310.690 152.407
0.509 -310.319 152.524
0.546 -310.389 152.387
0.504 -310.207 152.540
0.636 -310.335 152.469
0.793 -310.259 153.014
0.622 -310.422 153.402
0.496 -310.376 153.469
0.552 -310.568 153.474
0.600 -310.756 153.184
0.488 -310.733 153.410
0.423 -310.711 153.310
0.426 -310.673 153.258
0.231 -310.522 153.299
0.360 -310.628 153.113
0.401 -310.716 153.134
0.405 -310.798 153.025
0.076 -310.604 153.303
0.161 -310.774 153.162
0.161 -310.831 152.864
0.060 -310.673 152.993
0.051 -310.639 152.944
-0.212 -310.497 153.089
0.056 -310.698 152.891
-0.028 -310.709 152.739
-0.052 -310.621 152.635
-0.083 -310.354 152.763
-0.055 -310.114 152.953
-0.248 -309.803 153.085
-0.059 -310.623 153.457
0.047 -310.717 153.512
-0.233 -310.587 153.881
-0.341 -310.578 153.967
-0.204 -310.461 154.029
-0.203 -310.181 154.416
0.025 -310.047 154.367
-0.133 -309.844 154.452
-0.205 -309.403 154.881
-0.296 -308.956 155.005
-0.773 -308.203 156.038
-0.846 -307.929 156.146
-0.837 -307.477 155.949
-1.051 -306.762 156.077
-1.029 -306.923 156.081
-1.238 -306.648 155.897
-1.262 -306.503 156.029
-1.617 -306.210 155.771
-1.658 -306.081 155.491
-1.887 -305.770 155.468
-1.898 -305.848 155.514
-1.979 -305.786 155.366
-2.063 -305.905 155.357
-2.228 -305.790 155.409
-2.232 -305.821 155.457
-2.324 -305.886 155.598
-2.377 -305.970 155.711
-2.779 -305.278 156.203
-2.865 -305.327 155.918
-2.886 -305.082 155.799
-3.091 -304.998 155.687
-3.400 -304.732 155.909
-3.516 -304.810 155.916
-3.321 -305.292 155.553
-3.650 -305.031 155.699
-3.683 -305.047 155.858
-3.609 -304.791 156.061
-3.592 -304.882 156.375
-3.745 -304.764 156.670
-3.636 -304.694 156.778
-3.738 -304.669 156.658
-3.793 -304.727 156.253
-4.043 -304.564 156.275
-4.121 -304.363 156.491
-4.106 -303.831 157.048
-4.055 -303.800 156.988
-4.333 -303.822 157.573
-4.496 -303.668 157.412
-4.653 -303.883 157.105
-4.917 -303.510 157.167
-4.815 -303.746 156.977
-4.922 -303.953 156.896
-5.047 -303.839 156.829
-5.123 -303.896 156.548
-5.034 -304.046 156.525
-5.114 -303.988 156.837
-5.343 -303.660 157.303
-5.246 -303.993 157.469
-5.281 -303.583 157.708
-5.259 -303.555 158.042
-5.249 -303.758 157.906
-5.181 -304.334 157.191
-5.491 -304.044 157.198
-5.602 -304.020 156.986
-5.468 -303.760 157.110
-5.622 -303.734 157.084
-5.498 -304.030 156.578
-5.496 -304.251 156.415
-5.686 -303.916 156.800
-5.659 -303.776 156.947
-5.651 -303.974 156.678
-5.820 -304.185 156.542
-5.619 -304.501 156.580
-5.804 -304.529 156.762
-5.736 -304.427 156.616
-5.952 -304.333 156.565
-5.909 -304.182 156.634
-5.934 -304.271 156.737
-6.058 -304.166 156.933
-5.806 -304.033 156.834
-5.886 -303.971 157.331
-5.692 -304.155 156.879
-6.040 -303.815 156.736
-6.109 -304.313 155.854
-6.336 -304.405 155.224
-6.475 -304.399 154.967
-6.369 -304.710 155.031
-6.912 -304.285 154.928
-6.943 -304.292 154.908
-6.949 -304.627 154.441
-7.057 -304.396 154.151
-7.186 -304.294 153.823
-7.355 -304.087 153.652
-7.509 -303.914 153.283
-7.516 -303.586 153.189
-7.794 -303.518 152.964
-7.920 -303.457 152.779
-7.869 -303.286 152.481
-8.175 -302.904 152.581
-8.297 -302.712 152.347
-8.395 -302.710 152.164
-8.200 -302.715 151.928
-8.359 -302.423 152.429
-8.356 -302.510 152.700
-8.223 -302.637 152.386
-8.313 -302.438 152.420
-8.531 -302.093 152.401
-8.606 -302.442 152.141
-8.696 -302.242 152.846
-8.479 -302.113 153.431
-8.462 -302.246 153.342
-8.556 -302.703 153.107
-8.202 -302.939 152.851
-8.421 -302.841 153.030
-8.498 -302.757 152.687
-8.540 -302.964 152.238
-8.712 -302.737 152.394
-8.801 -302.681 152.239
-8.823 -302.531 152.424
-8.855 -302.390 152.297
-8.885 -302.513 152.105
-9.245 -302.236 152.308
-9.321 -302.217 152.177
-9.277 -302.116 152.083
-9.518 -301.566 152.134
-9.595 -301.671 151.870
-9.756 -301.575 151.836
-9.827 -301.619 151.529
-10.037 -301.686 151.223
-10.286 -301.334 151.078
-10.393 -301.094 151.058
-10.525 -300.761 150.920
-10.684 -300.645 150.679
-10.900 -300.437 150.662
-10.940 -300.453 150.824
-10.963 -300.386 150.559
-11.139 -300.170 150.753
-11.547 -299.711 151.371
-11.510 -299.754 151.183
-11.622 -299.668 150.820
-11.994 -299.113 151.091
-12.115 -298.985 150.789
-12.101 -299.065 150.406
-12.416 -298.856 150.427
-12.471 -298.566 150.423
-12.705 -298.364 150.723
-12.778 -298.194 150.686
-12.921 -298.145 151.238
-12.811 -298.104 151.146
-12.968 -298.068 150.987
-12.926 -298.153 150.945
-13.204 -297.945 151.045
-13.204 -297.553 151.146
-13.339 -297.762 151.037
-13.289 -297.508 150.859
-13.571 -297.125 151.224
-13.591 -297.003 150.885
-13.662 -296.755 150.800
-13.724 -296.589 151.357
-13.675 -296.754 150.943
-13.834 -296.260 151.233
-14.057 -296.137 151.192
-14.149 -296.009 151.355
-14.224 -296.010 150.945
-14.358 -296.048 150.606
-14.245 -296.026 150.033
-14.598 -295.924 149.889
-14.800 -295.754 149.808
-14.830 -295.394 150.002
-14.953 -294.486 150.859
