-0.669 -0.528 0.196 0.485
-0.669 -0.528 0.195 0.486
-0.669 -0.527 0.195 0.485
-0.670 -0.528 0.195 0.485
-0.670 -0.528 0.195 0.485
-0.670 -0.529 0.195 0.483
-0.670 -0.528 0.193 0.484
-0.670 -0.528 0.192 0.485
-0.670 -0.527 0.192 0.486
-0.670 -0.528 0.192 0.485
-0.670 -0.527 0.191 0.486
-0.670 -0.526 0.191 0.487
-0.670 -0.526 0.191 0.488
-0.670 -0.526 0.192 0.488
-0.670 -0.525 0.191 0.488
-0.670 -0.525 0.190 0.489
-0.670 -0.525 0.190 0.488
-0.670 -0.525 0.190 0.488
-0.670 -0.525 0.190 0.488
-0.670 -0.525 0.190 0.489
-0.671 -0.525 0.191 0.488
-0.671 -0.523 0.192 0.489
-0.671 -0.524 0.191 0.489
-0.671 -0.523 0.192 0.490
-0.671 -0.524 0.193 0.489
-0.670 -0.524 0.192 0.489
-0.670 -0.523 0.193 0.489
-0.670 -0.523 0.192 0.489
-0.670 -0.523 0.193 0.490
-0.670 -0.523 0.193 0.490
-0.671 -0.524 0.191 0.490
-0.671 -0.523 0.191 0.490
-0.671 -0.523 0.190 0.491
-0.671 -0.523 0.189 0.490
-0.671 -0.523 0.190 0.491
-0.671 -0.524 0.190 0.490
-0.670 -0.524 0.190 0.490
-0.670 -0.523 0.190 0.491
-0.670 -0.522 0.191 0.492
-0.670 -0.523 0.190 0.491
-0.670 -0.523 0.190 0.491
-0.670 -0.522 0.190 0.491
-0.670 -0.522 0.190 0.492
-0.670 -0.522 0.189 0.492
-0.670 -0.523 0.189 0.492
-0.670 -0.522 0.189 0.492
-0.670 -0.522 0.190 0.492
-0.670 -0.522 0.189 0.493
-0.670 -0.522 0.190 0.492
-0.670 -0.523 0.189 0.493
-0.670 -0.523 0.188 0.492
-0.670 -0.523 0.189 0.492
-0.670 -0.523 0.189 0.492
-0.670 -0.523 0.189 0.492
-0.669 -0.523 0.188 0.493
-0.669 -0.523 0.188 0.493
-0.669 -0.523 0.189 0.493
-0.670 -0.522 0.189 0.493
-0.670 -0.523 0.189 0.492
-0.669 -0.523 0.189 0.493
-0.669 -0.523 0.189 0.493
-0.670 -0.523 0.188 0.493
-0.670 -0.523 0.188 0.493
-0.669 -0.523 0.188 0.493
-0.669 -0.522 0.189 0.494
-0.669 -0.523 0.189 0.493
-0.669 -0.523 0.189 0.493
-0.669 -0.523 0.189 0.493
-0.669 -0.523 0.188 0.493
-0.669 -0.523 0.188 0.493
-0.670 -0.523 0.188 0.492
-0.670 -0.523 0.188 0.493
-0.670 -0.523 0.188 0.492
-0.670 -0.523 0.187 0.492
-0.670 -0.523 0.186 0.492
-0.671 -0.523 0.186 0.492
-0.670 -0.523 0.186 0.492
-0.670 -0.523 0.185 0.492
-0.671 -0.523 0.185 0.492
-0.671 -0.523 0.186 0.492
-0.671 -0.523 0.185 0.492
-0.671 -0.523 0.185 0.492
-0.671 -0.523 0.185 0.492
-0.671 -0.523 0.186 0.492
-0.671 -0.524 0.185 0.492
-0.671 -0.524 0.184 0.492
-0.671 -0.524 0.183 0.492
-0.671 -0.523 0.184 0.492
-0.671 -0.524 0.184 0.492
-0.671 -0.524 0.183 0.493
-0.671 -0.524 0.183 0.492
-0.671 -0.524 0.183 0.492
-0.671 -0.523 0.183 0.493
-0.671 -0.524 0.182 0.492
-0.671 -0.524 0.181 0.493
-0.671 -0.524 0.181 0.493
-0.671 -0.524 0.182 0.492
-0.671 -0.524 0.181 0.493
-0.671 -0.524 0.180 0.493
-0.671 -0.523 0.181 0.493
-0.671 -0.523 0.181 0.494
-0.671 -0.524 0.180 0.493
-0.671 -0.523 0.180 0.493
-0.671 -0.524 0.180 0.493
-0.671 -0.523 0.180 0.493
-0.671 -0.523 0.180 0.494
-0.672 -0.524 0.180 0.492
-0.671 -0.524 0.180 0.492
-0.671 -0.523 0.180 0.493
-0.672 -0.523 0.180 0.493
-0.672 -0.523 0.180 0.493
-0.672 -0.523 0.180 0.492
-0.672 -0.523 0.180 0.493
-0.672 -0.523 0.180 0.493
-0.672 -0.523 0.180 0.492
-0.672 -0.523 0.180 0.492
-0.672 -0.523 0.179 0.493
-0.672 -0.522 0.179 0.493
-0.672 -0.523 0.179 0.493
-0.672 -0.523 0.180 0.492
-0.672 -0.523 0.180 0.492
-0.672 -0.522 0.180 0.493
-0.672 -0.522 0.180 0.493
-0.672 -0.522 0.180 0.494
-0.672 -0.522 0.179 0.493
-0.673 -0.522 0.179 0.493
-0.673 -0.522 0.178 0.493
-0.673 -0.522 0.179 0.493
-0.673 -0.522 0.179 0.493
-0.673 -0.522 0.179 0.493
-0.673 -0.521 0.178 0.493
-0.674 -0.520 0.177 0.494
-0.673 -0.521 0.178 0.493
-0.674 -0.521 0.179 0.493
-0.674 -0.521 0.177 0.493
-0.674 -0.520 0.178 0.493
-0.674 -0.521 0.178 0.493
-0.674 -0.520 0.178 0.493
-0.674 -0.520 0.178 0.493
-0.674 -0.520 0.178 0.493
-0.674 -0.521 0.178 0.493
-0.674 -0.520 0.179 0.493
-0.674 -0.520 0.179 0.493
-0.674 -0.520 0.179 0.493
-0.674 -0.520 0.180 0.493
-0.674 -0.521 0.179 0.492
-0.674 -0.521 0.180 0.492
-0.674 -0.520 0.180 0.493
-0.674 -0.520 0.179 0.493
-0.674 -0.520 0.180 0.492
-0.674 -0.520 0.179 0.493
-0.675 -0.519 0.178 0.494
-0.675 -0.519 0.178 0.493
-0.675 -0.519 0.178 0.493
-0.675 -0.520 0.178 0.493
-0.675 -0.519 0.178 0.493
-0.675 -0.519 0.178 0.494
-0.675 -0.519 0.178 0.494
-0.675 -0.519 0.178 0.493
-0.675 -0.519 0.177 0.494
-0.675 -0.518 0.178 0.494
-0.675 -0.519 0.178 0.494
-0.675 -0.518 0.179 0.495
-0.675 -0.518 0.178 0.494
-0.675 -0.517 0.178 0.495
-0.675 -0.517 0.177 0.495
-0.675 -0.517 0.177 0.496
-0.675 -0.517 0.175 0.495
-0.675 -0.517 0.174 0.496
-0.676 -0.517 0.173 0.496
-0.676 -0.518 0.172 0.496
-0.675 -0.518 0.172 0.496
-0.675 -0.517 0.173 0.497
-0.674 -0.517 0.173 0.498
-0.674 -0.517 0.173 0.499
-0.674 -0.516 0.172 0.500
-0.674 -0.516 0.173 0.500
-0.674 -0.516 0.172 0.499
-0.674 -0.516 0.172 0.500
-0.674 -0.515 0.172 0.500
-0.674 -0.516 0.172 0.499
-0.674 -0.516 0.171 0.500
-0.674 -0.516 0.171 0.500
-0.674 -0.516 0.171 0.500
-0.674 -0.516 0.173 0.500
-0.674 -0.516 0.173 0.499
-0.674 -0.516 0.172 0.499
-0.674 -0.516 0.172 0.499
-0.674 -0.515 0.173 0.500
-0.674 -0.516 0.173 0.500
-0.674 -0.516 0.173 0.499
-0.674 -0.516 0.174 0.499
-0.674 -0.517 0.174 0.498
-0.674 -0.516 0.174 0.499
-0.674 -0.516 0.174 0.499
-0.674 -0.517 0.174 0.498
-0.674 -0.516 0.174 0.499
-0.674 -0.517 0.175 0.498
-0.674 -0.517 0.173 0.499
-0.674 -0.516 0.174 0.499
-0.674 -0.516 0.173 0.499
-0.674 -0.516 0.174 0.499
-0.674 -0.517 0.173 0.499
-0.674 -0.516 0.173 0.500
-0.674 -0.516 0.174 0.499
-0.674 -0.516 0.173 0.500
-0.674 -0.516 0.173 0.499
-0.674 -0.516 0.173 0.499
-0.674 -0.516 0.173 0.500
-0.674 -0.516 0.173 0.500
-0.674 -0.516 0.173 0.499
-0.674 -0.516 0.174 0.499
-0.674 -0.516 0.174 0.499
-0.674 -0.516 0.174 0.499
-0.674 -0.516 0.174 0.499
-0.674 -0.516 0.174 0.498
-0.674 -0.516 0.174 0.499
-0.674 -0.517 0.174 0.498
-0.674 -0.517 0.174 0.498
-0.674 -0.516 0.173 0.499
-0.674 -0.517 0.173 0.498
-0.674 -0.516 0.173 0.499
-0.674 -0.516 0.173 0.499
-0.674 -0.516 0.172 0.500
-0.674 -0.516 0.172 0.500
-0.674 -0.515 0.172 0.500
-0.674 -0.515 0.173 0.500
-0.674 -0.515 0.172 0.500
-0.674 -0.515 0.172 0.501
-0.674 -0.515 0.172 0.501
-0.674 -0.515 0.172 0.500
-0.674 -0.515 0.172 0.500
-0.674 -0.515 0.171 0.501
-0.674 -0.515 0.173 0.501
-0.674 -0.515 0.171 0.501
-0.674 -0.516 0.171 0.501
-0.674 -0.516 0.170 0.501
-0.674 -0.516 0.170 0.500
-0.674 -0.516 0.170 0.501
-0.674 -0.516 0.170 0.501
-0.674 -0.515 0.170 0.502
-0.674 -0.516 0.169 0.502
-0.674 -0.516 0.170 0.501
-0.674 -0.516 0.169 0.501
-0.674 -0.516 0.170 0.501
-0.674 -0.516 0.169 0.502
-0.673 -0.516 0.169 0.501
-0.674 -0.516 0.170 0.501
-0.674 -0.516 0.169 0.501
-0.674 -0.516 0.170 0.501
-0.674 -0.516 0.169 0.501
-0.674 -0.517 0.170 0.500
-0.674 -0.517 0.168 0.500
-0.674 -0.517 0.169 0.500
-0.673 -0.517 0.169 0.500
-0.673 -0.517 0.169 0.501
-0.673 -0.517 0.168 0.501
-0.673 -0.517 0.169 0.501
-0.673 -0.517 0.169 0.501
-0.673 -0.517 0.168 0.502
-0.673 -0.517 0.169 0.502
-0.673 -0.516 0.167 0.502
-0.673 -0.517 0.167 0.502
-0.673 -0.517 0.166 0.502
-0.673 -0.516 0.165 0.502
-0.674 -0.516 0.162 0.503
-0.675 -0.517 0.154 0.503
-0.676 -0.518 0.149 0.503
-0.676 -0.519 0.148 0.503
-0.675 -0.518 0.147 0.504
-0.676 -0.519 0.145 0.503
-0.676 -0.517 0.146 0.504
-0.676 -0.518 0.146 0.504
-0.676 -0.517 0.145 0.504
-0.676 -0.517 0.145 0.504
-0.676 -0.516 0.145 0.505
-0.676 -0.517 0.145 0.504
-0.676 -0.517 0.146 0.504
-0.676 -0.517 0.146 0.504
-0.676 -0.517 0.145 0.504
-0.676 -0.517 0.146 0.504
-0.676 -0.517 0.145 0.504
-0.676 -0.517 0.145 0.504
-0.676 -0.516 0.145 0.505
-0.676 -0.517 0.144 0.505
-0.676 -0.517 0.144 0.504
-0.676 -0.517 0.144 0.504
-0.676 -0.517 0.143 0.505
-0.677 -0.517 0.144 0.504
-0.677 -0.517 0.144 0.505
-0.677 -0.517 0.144 0.505
-0.677 -0.517 0.143 0.505
-0.677 -0.516 0.143 0.504
-0.677 -0.517 0.144 0.504
-0.677 -0.517 0.143 0.504
-0.677 -0.517 0.142 0.504
-0.677 -0.518 0.143 0.503
-0.677 -0.517 0.143 0.503
-0.677 -0.517 0.143 0.504
-0.677 -0.517 0.142 0.503
-0.677 -0.517 0.142 0.504
-0.678 -0.516 0.141 0.504
-0.678 -0.517 0.141 0.504
-0.678 -0.516 0.141 0.504
-0.678 -0.516 0.140 0.505
-0.678 -0.516 0.139 0.505
-0.678 -0.516 0.138 0.505
-0.678 -0.516 0.138 0.505
-0.678 -0.516 0.137 0.505
-0.678 -0.516 0.138 0.505
-0.678 -0.516 0.137 0.505
-0.678 -0.515 0.137 0.506
-0.678 -0.516 0.137 0.505
-0.678 -0.515 0.137 0.506
-0.678 -0.516 0.136 0.506
-0.678 -0.515 0.137 0.506
-0.678 -0.515 0.136 0.507
-0.678 -0.515 0.136 0.507
-0.678 -0.515 0.136 0.506
-0.679 -0.513 0.136 0.508
-0.679 -0.513 0.134 0.508
-0.678 -0.513 0.134 0.508
-0.679 -0.513 0.135 0.508
-0.679 -0.514 0.135 0.507
-0.679 -0.514 0.135 0.507
-0.678 -0.514 0.134 0.508
-0.679 -0.514 0.134 0.507
-0.679 -0.514 0.134 0.507
-0.679 -0.514 0.134 0.507
-0.679 -0.514 0.134 0.507
-0.679 -0.514 0.135 0.507
-0.679 -0.514 0.134 0.507
-0.679 -0.514 0.134 0.506
-0.679 -0.514 0.134 0.506
-0.679 -0.514 0.134 0.506
-0.679 -0.514 0.135 0.506
-0.679 -0.515 0.134 0.506
-0.679 -0.514 0.134 0.506
-0.679 -0.515 0.133 0.506
-0.679 -0.514 0.134 0.506
-0.679 -0.514 0.134 0.507
-0.679 -0.514 0.134 0.507
-0.679 -0.514 0.133 0.507
-0.679 -0.514 0.134 0.507
-0.679 -0.514 0.133 0.507
-0.679 -0.514 0.133 0.507
-0.679 -0.514 0.133 0.507
-0.679 -0.514 0.134 0.507
-0.679 -0.514 0.133 0.507
-0.679 -0.514 0.133 0.507
-0.679 -0.514 0.133 0.507
-0.679 -0.514 0.132 0.507
-0.679 -0.514 0.133 0.507
-0.680 -0.514 0.133 0.506
-0.679 -0.514 0.132 0.507
-0.680 -0.514 0.132 0.507
-0.680 -0.514 0.133 0.506
-0.680 -0.514 0.133 0.506
-0.680 -0.513 0.133 0.507
-0.680 -0.514 0.133 0.506
-0.679 -0.514 0.132 0.506
-0.680 -0.514 0.132 0.506
-0.680 -0.514 0.133 0.506
-0.680 -0.514 0.133 0.507
-0.679 -0.514 0.133 0.507
-0.679 -0.514 0.133 0.508
-0.679 -0.514 0.132 0.507
-0.679 -0.514 0.132 0.507
-0.679 -0.514 0.133 0.507
-0.679 -0.514 0.132 0.507
-0.679 -0.514 0.132 0.507
-0.679 -0.514 0.133 0.507
-0.679 -0.514 0.132 0.507
-0.679 -0.514 0.133 0.507
-0.679 -0.514 0.133 0.507
-0.679 -0.514 0.132 0.507
-0.679 -0.514 0.133 0.507
-0.679 -0.513 0.133 0.507
-0.679 -0.513 0.133 0.508
-0.679 -0.513 0.133 0.508
-0.680 -0.513 0.134 0.507
-0.680 -0.513 0.134 0.506
-0.680 -0.513 0.135 0.506
-0.680 -0.513 0.135 0.506
-0.680 -0.514 0.135 0.505
-0.680 -0.513 0.135 0.506
-0.680 -0.514 0.135 0.506
-0.680 -0.514 0.136 0.505
-0.680 -0.514 0.135 0.506
-0.680 -0.514 0.135 0.506
-0.680 -0.513 0.135 0.506
-0.680 -0.513 0.135 0.507
-0.680 -0.513 0.135 0.506
-0.680 -0.512 0.135 0.506
-0.681 -0.512 0.135 0.506
-0.681 -0.512 0.136 0.507
-0.680 -0.512 0.136 0.506
-0.680 -0.511 0.136 0.507
-0.680 -0.511 0.137 0.507
-0.680 -0.511 0.137 0.507
-0.680 -0.512 0.137 0.507
-0.680 -0.512 0.137 0.508
-0.679 -0.511 0.138 0.508
-0.679 -0.512 0.138 0.507
-0.679 -0.511 0.138 0.508
-0.679 -0.511 0.138 0.508
-0.679 -0.510 0.137 0.509
-0.679 -0.510 0.136 0.509
-0.680 -0.510 0.136 0.509
-0.680 -0.510 0.136 0.509
-0.680 -0.510 0.136 0.509
-0.680 -0.510 0.136 0.509
-0.680 -0.510 0.136 0.509
-0.680 -0.510 0.136 0.509
-0.680 -0.510 0.136 0.509
-0.680 -0.510 0.136 0.509
-0.680 -0.510 0.135 0.509
-0.680 -0.510 0.135 0.509
-0.680 -0.510 0.136 0.509
-0.680 -0.510 0.136 0.509
-0.680 -0.511 0.136 0.508
-0.680 -0.510 0.136 0.509
-0.680 -0.510 0.136 0.509
-0.680 -0.510 0.136 0.509
-0.680 -0.510 0.136 0.509
-0.680 -0.510 0.135 0.509
-0.680 -0.511 0.136 0.508
-0.680 -0.510 0.136 0.509
-0.680 -0.509 0.137 0.509
-0.681 -0.509 0.137 0.509
-0.682 -0.508 0.136 0.509
-0.682 -0.508 0.136 0.509
-0.682 -0.507 0.135 0.509
-0.682 -0.507 0.136 0.509
-0.682 -0.507 0.136 0.508
-0.683 -0.506 0.135 0.509
-0.683 -0.506 0.135 0.509
-0.683 -0.505 0.136 0.510
-0.683 -0.505 0.136 0.511
-0.683 -0.503 0.137 0.512
-0.687 -0.496 0.140 0.513
-0.687 -0.496 0.140 0.513
-0.686 -0.495 0.140 0.514
-0.686 -0.494 0.142 0.515
-0.686 -0.494 0.141 0.515
-0.686 -0.494 0.142 0.515
-0.686 -0.494 0.142 0.514
-0.686 -0.494 0.142 0.515
-0.686 -0.493 0.144 0.516
-0.686 -0.493 0.145 0.516
-0.686 -0.493 0.144 0.516
-0.686 -0.492 0.145 0.516
-0.686 -0.492 0.145 0.516
-0.686 -0.491 0.146 0.516
-0.686 -0.490 0.146 0.517
-0.687 -0.489 0.147 0.517
-0.687 -0.489 0.147 0.517
-0.686 -0.488 0.147 0.519
-0.686 -0.487 0.147 0.519
-0.686 -0.487 0.147 0.520
-0.686 -0.487 0.147 0.521
-0.686 -0.487 0.146 0.521
-0.686 -0.486 0.147 0.520
-0.686 -0.487 0.147 0.520
-0.686 -0.487 0.147 0.520
-0.686 -0.486 0.147 0.520
-0.687 -0.486 0.147 0.520
-0.687 -0.485 0.146 0.521
-0.687 -0.485 0.147 0.520
-0.687 -0.485 0.146 0.521
-0.688 -0.485 0.146 0.521
-0.688 -0.485 0.147 0.520
-0.688 -0.485 0.147 0.519
-0.690 -0.482 0.149 0.519
-0.692 -0.479 0.151 0.518
-0.693 -0.479 0.152 0.518
-0.695 -0.476 0.154 0.516
-0.695 -0.476 0.153 0.516
-0.696 -0.476 0.153 0.515
-0.696 -0.476 0.154 0.515
-0.696 -0.476 0.153 0.516
-0.696 -0.476 0.153 0.515
-0.696 -0.476 0.153 0.515
-0.696 -0.477 0.153 0.515
-0.696 -0.477 0.153 0.515
-0.696 -0.476 0.153 0.515
-0.697 -0.475 0.153 0.515
-0.698 -0.476 0.152 0.514
-0.698 -0.475 0.153 0.514
-0.698 -0.474 0.152 0.514
-0.699 -0.475 0.152 0.514
-0.699 -0.475 0.152 0.513
-0.699 -0.475 0.153 0.512
-0.699 -0.476 0.153 0.512
-0.698 -0.475 0.152 0.513
-0.698 -0.475 0.152 0.514
-0.698 -0.476 0.153 0.512
-0.699 -0.476 0.153 0.512
-0.698 -0.476 0.153 0.512
-0.698 -0.476 0.153 0.512
-0.699 -0.476 0.152 0.512
-0.699 -0.476 0.152 0.512
-0.699 -0.476 0.151 0.512
-0.699 -0.476 0.151 0.512
-0.699 -0.476 0.151 0.512
-0.699 -0.476 0.152 0.511
-0.699 -0.476 0.151 0.512
-0.699 -0.476 0.151 0.512
-0.699 -0.476 0.151 0.512
-0.699 -0.475 0.151 0.512
-0.699 -0.475 0.151 0.512
-0.700 -0.476 0.150 0.511
-0.699 -0.475 0.151 0.512
-0.699 -0.476 0.151 0.511
-0.699 -0.477 0.152 0.511
-0.699 -0.477 0.152 0.511
-0.699 -0.477 0.151 0.511
-0.698 -0.478 0.152 0.511
-0.699 -0.477 0.151 0.511
-0.698 -0.478 0.150 0.511
-0.698 -0.478 0.150 0.512
-0.697 -0.479 0.151 0.512
-0.697 -0.479 0.151 0.512
-0.697 -0.479 0.151 0.512
-0.697 -0.478 0.152 0.513
-0.697 -0.479 0.152 0.512
-0.697 -0.478 0.153 0.512
-0.697 -0.478 0.154 0.512
-0.696 -0.478 0.154 0.513
-0.696 -0.477 0.156 0.513
-0.696 -0.478 0.155 0.513
-0.696 -0.478 0.155 0.513
-0.696 -0.478 0.155 0.513
-0.696 -0.477 0.154 0.514
-0.696 -0.477 0.155 0.514
-0.696 -0.478 0.154 0.514
-0.695 -0.478 0.155 0.514
-0.695 -0.478 0.155 0.513
-0.696 -0.477 0.155 0.514
-0.696 -0.477 0.154 0.515
-0.696 -0.477 0.154 0.514
-0.696 -0.477 0.153 0.514
-0.696 -0.477 0.153 0.514
-0.696 -0.478 0.153 0.514
-0.696 -0.478 0.154 0.513
-0.696 -0.478 0.154 0.513
-0.696 -0.478 0.153 0.513
-0.695 -0.479 0.153 0.514
-0.695 -0.478 0.153 0.514
-0.695 -0.478 0.153 0.515
-0.695 -0.478 0.153 0.516
-0.694 -0.478 0.153 0.516
-0.694 -0.478 0.153 0.516
-0.694 -0.478 0.153 0.516
-0.693 -0.478 0.154 0.517
-0.693 -0.478 0.153 0.517
-0.694 -0.477 0.153 0.517
-0.693 -0.477 0.154 0.518
-0.693 -0.478 0.154 0.517
-0.693 -0.477 0.154 0.519
-0.692 -0.477 0.155 0.519
-0.692 -0.477 0.155 0.520
-0.691 -0.477 0.155 0.520
-0.691 -0.477 0.155 0.521
-0.691 -0.476 0.155 0.521
-0.690 -0.477 0.154 0.522
-0.690 -0.476 0.155 0.522
-0.690 -0.475 0.155 0.525
-0.689 -0.474 0.155 0.525
-0.689 -0.475 0.156 0.525
-0.689 -0.474 0.156 0.526
-0.688 -0.474 0.156 0.526
-0.688 -0.474 0.156 0.526
-0.687 -0.474 0.156 0.528
-0.687 -0.472 0.157 0.530
-0.687 -0.472 0.156 0.530
-0.687 -0.472 0.157 0.531
-0.686 -0.471 0.156 0.532
-0.686 -0.471 0.155 0.532
-0.686 -0.471 0.155 0.532
-0.686 -0.471 0.154 0.532
-0.686 -0.471 0.156 0.533
-0.685 -0.471 0.154 0.534
-0.685 -0.471 0.153 0.534
-0.685 -0.471 0.153 0.535
-0.684 -0.470 0.153 0.536
-0.684 -0.470 0.154 0.536
-0.684 -0.470 0.155 0.536
-0.684 -0.469 0.154 0.538
-0.683 -0.470 0.154 0.537
-0.683 -0.469 0.154 0.539
-0.683 -0.469 0.154 0.539
-0.683 -0.469 0.154 0.539
-0.682 -0.468 0.155 0.539
-0.682 -0.469 0.156 0.539
-0.682 -0.469 0.156 0.539
-0.682 -0.469 0.156 0.539
-0.682 -0.468 0.157 0.540
-0.681 -0.467 0.157 0.541
-0.681 -0.466 0.157 0.543
