-0.198 -0.298 0.686 0.634
-0.198 -0.298 0.686 0.634
-0.197 -0.298 0.686 0.633
-0.197 -0.299 0.686 0.633
-0.196 -0.299 0.687 0.633
-0.194 -0.299 0.687 0.633
-0.193 -0.301 0.688 0.632
-0.192 -0.301 0.688 0.632
-0.192 -0.301 0.687 0.633
-0.190 -0.302 0.688 0.633
-0.188 -0.302 0.688 0.633
-0.188 -0.299 0.689 0.633
-0.188 -0.300 0.689 0.633
-0.187 -0.301 0.689 0.633
-0.187 -0.301 0.688 0.633
-0.186 -0.301 0.688 0.634
-0.186 -0.301 0.688 0.634
-0.184 -0.302 0.688 0.634
-0.183 -0.303 0.689 0.633
-0.182 -0.303 0.688 0.633
-0.181 -0.302 0.688 0.634
-0.181 -0.303 0.689 0.633
-0.181 -0.303 0.689 0.633
-0.180 -0.304 0.689 0.633
-0.179 -0.304 0.691 0.631
-0.181 -0.304 0.691 0.631
-0.180 -0.304 0.691 0.631
-0.178 -0.302 0.692 0.631
-0.177 -0.302 0.691 0.632
-0.173 -0.300 0.689 0.636
-0.172 -0.299 0.689 0.637
-0.171 -0.299 0.689 0.637
-0.169 -0.301 0.690 0.636
-0.168 -0.300 0.690 0.637
-0.166 -0.301 0.692 0.635
-0.164 -0.302 0.692 0.635
-0.163 -0.302 0.692 0.636
-0.161 -0.302 0.691 0.636
-0.160 -0.303 0.691 0.636
-0.159 -0.303 0.691 0.637
-0.158 -0.303 0.692 0.637
-0.157 -0.304 0.692 0.635
-0.156 -0.304 0.693 0.635
-0.155 -0.304 0.692 0.636
-0.155 -0.305 0.692 0.636
-0.155 -0.305 0.693 0.635
-0.154 -0.305 0.693 0.635
-0.153 -0.306 0.693 0.635
-0.151 -0.306 0.693 0.635
-0.150 -0.307 0.694 0.634
-0.149 -0.307 0.693 0.635
-0.148 -0.307 0.693 0.635
-0.148 -0.307 0.693 0.636
-0.147 -0.307 0.693 0.636
-0.146 -0.306 0.692 0.637
-0.146 -0.306 0.692 0.637
-0.145 -0.307 0.691 0.638
-0.144 -0.306 0.692 0.638
-0.143 -0.306 0.693 0.637
-0.143 -0.306 0.693 0.637
-0.143 -0.306 0.693 0.637
-0.142 -0.306 0.694 0.636
-0.143 -0.305 0.693 0.637
-0.142 -0.305 0.694 0.637
-0.142 -0.305 0.694 0.636
-0.142 -0.305 0.694 0.637
-0.141 -0.303 0.695 0.636
-0.141 -0.304 0.695 0.636
-0.141 -0.304 0.694 0.637
-0.141 -0.305 0.694 0.636
-0.142 -0.306 0.694 0.636
-0.142 -0.306 0.693 0.637
-0.142 -0.306 0.694 0.636
-0.142 -0.307 0.694 0.635
-0.142 -0.305 0.696 0.634
-0.143 -0.305 0.697 0.633
-0.143 -0.305 0.697 0.633
-0.144 -0.305 0.699 0.631
-0.143 -0.305 0.698 0.632
-0.144 -0.306 0.698 0.631
-0.145 -0.307 0.697 0.632
-0.144 -0.307 0.697 0.631
-0.144 -0.306 0.697 0.632
-0.144 -0.307 0.697 0.632
-0.143 -0.306 0.698 0.632
-0.142 -0.306 0.698 0.631
-0.142 -0.306 0.699 0.631
-0.141 -0.306 0.698 0.631
-0.140 -0.305 0.700 0.631
-0.141 -0.306 0.699 0.631
-0.140 -0.305 0.700 0.630
-0.141 -0.304 0.701 0.630
-0.140 -0.304 0.701 0.630
-0.140 -0.304 0.701 0.630
-0.139 -0.304 0.702 0.630
-0.138 -0.304 0.702 0.630
-0.138 -0.304 0.702 0.629
-0.138 -0.303 0.703 0.628
-0.137 -0.304 0.705 0.626
-0.137 -0.302 0.706 0.626
-0.136 -0.302 0.705 0.627
-0.135 -0.302 0.705 0.627
-0.134 -0.302 0.705 0.627
-0.132 -0.302 0.706 0.627
-0.131 -0.302 0.705 0.628
-0.130 -0.302 0.705 0.628
-0.129 -0.302 0.705 0.628
-0.129 -0.302 0.705 0.628
-0.128 -0.301 0.706 0.628
-0.128 -0.303 0.707 0.626
-0.128 -0.303 0.707 0.626
-0.128 -0.302 0.707 0.626
-0.128 -0.301 0.708 0.626
-0.127 -0.301 0.707 0.627
-0.127 -0.301 0.707 0.628
-0.125 -0.300 0.706 0.629
-0.123 -0.299 0.705 0.632
-0.122 -0.296 0.704 0.633
-0.123 -0.295 0.703 0.635
-0.122 -0.295 0.703 0.635
-0.122 -0.295 0.702 0.636
-0.122 -0.293 0.703 0.637
-0.121 -0.292 0.702 0.638
-0.120 -0.294 0.702 0.638
-0.120 -0.294 0.701 0.639
-0.119 -0.293 0.701 0.639
-0.119 -0.293 0.701 0.639
-0.120 -0.293 0.702 0.638
-0.119 -0.293 0.701 0.639
-0.120 -0.293 0.701 0.639
-0.119 -0.294 0.702 0.638
-0.120 -0.294 0.702 0.638
-0.120 -0.294 0.702 0.637
-0.120 -0.295 0.702 0.638
-0.120 -0.295 0.702 0.638
-0.120 -0.294 0.701 0.638
-0.120 -0.295 0.701 0.638
-0.120 -0.296 0.701 0.638
-0.118 -0.297 0.699 0.640
-0.117 -0.296 0.699 0.640
-0.121 -0.299 0.697 0.641
-0.124 -0.299 0.694 0.643
-0.127 -0.305 0.687 0.648
-0.131 -0.304 0.681 0.653
-0.133 -0.304 0.679 0.655
-0.141 -0.307 0.674 0.656
-0.148 -0.311 0.671 0.657
-0.151 -0.313 0.670 0.656
-0.153 -0.317 0.669 0.654
-0.153 -0.318 0.667 0.656
-0.153 -0.319 0.665 0.658
-0.156 -0.320 0.660 0.662
-0.155 -0.325 0.654 0.665
-0.154 -0.324 0.651 0.670
-0.156 -0.322 0.650 0.670
-0.156 -0.324 0.650 0.669
-0.155 -0.326 0.652 0.667
-0.159 -0.325 0.656 0.662
-0.164 -0.325 0.661 0.656
-0.168 -0.325 0.661 0.655
-0.172 -0.329 0.659 0.655
-0.174 -0.329 0.659 0.654
-0.174 -0.330 0.659 0.653
-0.174 -0.329 0.660 0.653
-0.175 -0.329 0.660 0.653
-0.175 -0.329 0.659 0.653
-0.175 -0.328 0.661 0.652
-0.176 -0.328 0.661 0.651
-0.175 -0.327 0.661 0.652
-0.173 -0.326 0.661 0.653
-0.172 -0.327 0.661 0.653
-0.172 -0.327 0.660 0.654
-0.171 -0.327 0.660 0.654
-0.171 -0.326 0.660 0.654
-0.170 -0.327 0.661 0.654
-0.170 -0.328 0.661 0.654
-0.169 -0.326 0.662 0.654
-0.168 -0.326 0.662 0.653
-0.167 -0.327 0.662 0.653
-0.167 -0.327 0.662 0.654
-0.166 -0.327 0.662 0.653
-0.166 -0.326 0.663 0.653
-0.166 -0.325 0.663 0.653
-0.166 -0.326 0.663 0.653
-0.166 -0.325 0.663 0.654
-0.166 -0.325 0.663 0.654
-0.165 -0.324 0.663 0.654
-0.164 -0.325 0.664 0.653
-0.165 -0.325 0.663 0.654
-0.164 -0.325 0.663 0.654
-0.164 -0.325 0.663 0.654
-0.164 -0.325 0.663 0.654
-0.164 -0.325 0.663 0.654
-0.164 -0.327 0.665 0.651
-0.164 -0.326 0.666 0.650
-0.165 -0.328 0.666 0.649
-0.163 -0.329 0.666 0.649
-0.162 -0.330 0.666 0.649
-0.161 -0.331 0.668 0.647
-0.160 -0.331 0.669 0.646
-0.159 -0.332 0.669 0.646
-0.156 -0.333 0.668 0.647
-0.157 -0.333 0.668 0.647
-0.157 -0.333 0.668 0.647
-0.156 -0.334 0.668 0.647
-0.155 -0.334 0.666 0.649
-0.152 -0.331 0.666 0.651
-0.152 -0.330 0.666 0.651
-0.152 -0.332 0.666 0.650
-0.152 -0.332 0.667 0.650
-0.151 -0.332 0.666 0.650
-0.151 -0.333 0.666 0.650
-0.151 -0.332 0.666 0.650
-0.151 -0.333 0.666 0.650
-0.151 -0.334 0.666 0.649
-0.151 -0.333 0.666 0.649
-0.151 -0.333 0.666 0.650
-0.150 -0.334 0.666 0.649
-0.150 -0.334 0.666 0.650
-0.150 -0.334 0.665 0.651
-0.150 -0.335 0.665 0.651
-0.149 -0.335 0.665 0.651
-0.149 -0.335 0.665 0.651
-0.148 -0.335 0.664 0.652
-0.147 -0.336 0.664 0.652
-0.146 -0.336 0.664 0.652
-0.146 -0.335 0.663 0.653
-0.144 -0.336 0.659 0.657
-0.143 -0.335 0.658 0.659
-0.142 -0.336 0.658 0.659
-0.142 -0.335 0.658 0.659
-0.141 -0.336 0.658 0.659
-0.139 -0.338 0.659 0.657
-0.138 -0.336 0.659 0.658
-0.138 -0.336 0.659 0.659
-0.138 -0.336 0.657 0.660
-0.139 -0.336 0.657 0.660
-0.139 -0.338 0.657 0.659
-0.138 -0.338 0.657 0.660
-0.138 -0.338 0.656 0.660
-0.138 -0.338 0.656 0.660
-0.139 -0.339 0.656 0.660
-0.138 -0.340 0.655 0.661
-0.138 -0.338 0.655 0.661
-0.137 -0.338 0.657 0.659
-0.137 -0.339 0.656 0.660
-0.138 -0.339 0.656 0.660
-0.137 -0.338 0.657 0.660
-0.138 -0.337 0.656 0.661
-0.137 -0.336 0.657 0.661
-0.137 -0.336 0.657 0.661
-0.137 -0.335 0.657 0.662
-0.136 -0.336 0.656 0.662
-0.136 -0.335 0.655 0.663
-0.135 -0.336 0.655 0.663
-0.135 -0.336 0.655 0.663
-0.135 -0.334 0.656 0.664
-0.135 -0.334 0.656 0.663
-0.135 -0.334 0.654 0.665
-0.135 -0.334 0.654 0.666
-0.135 -0.331 0.652 0.668
-0.136 -0.331 0.652 0.669
-0.136 -0.332 0.652 0.668
-0.136 -0.333 0.652 0.667
-0.136 -0.333 0.651 0.668
-0.136 -0.333 0.652 0.668
-0.136 -0.333 0.652 0.668
-0.136 -0.332 0.653 0.667
-0.138 -0.330 0.653 0.668
-0.138 -0.331 0.653 0.667
-0.140 -0.330 0.654 0.666
-0.140 -0.329 0.655 0.666
-0.140 -0.329 0.655 0.666
-0.140 -0.328 0.655 0.666
-0.141 -0.329 0.654 0.666
-0.141 -0.329 0.655 0.666
-0.142 -0.328 0.655 0.666
-0.142 -0.328 0.656 0.665
-0.142 -0.327 0.655 0.666
-0.143 -0.327 0.656 0.665
-0.145 -0.327 0.657 0.664
-0.145 -0.326 0.657 0.664
-0.146 -0.326 0.657 0.664
-0.146 -0.327 0.658 0.663
-0.147 -0.327 0.658 0.663
-0.147 -0.327 0.657 0.663
-0.147 -0.327 0.657 0.663
-0.148 -0.327 0.657 0.663
-0.148 -0.329 0.657 0.662
-0.148 -0.327 0.658 0.662
-0.148 -0.327 0.658 0.662
-0.148 -0.325 0.658 0.663
-0.148 -0.326 0.658 0.662
-0.149 -0.325 0.658 0.663
-0.148 -0.325 0.659 0.662
-0.148 -0.324 0.659 0.662
-0.149 -0.323 0.660 0.662
-0.149 -0.323 0.660 0.662
-0.149 -0.322 0.660 0.662
-0.150 -0.323 0.660 0.662
-0.150 -0.322 0.660 0.662
-0.151 -0.322 0.661 0.661
-0.151 -0.322 0.661 0.661
-0.151 -0.322 0.663 0.659
-0.152 -0.323 0.663 0.658
-0.153 -0.320 0.664 0.658
-0.154 -0.321 0.663 0.659
-0.155 -0.322 0.664 0.657
-0.156 -0.321 0.664 0.657
-0.156 -0.321 0.664 0.657
-0.156 -0.321 0.665 0.656
-0.157 -0.321 0.664 0.657
-0.157 -0.321 0.665 0.656
-0.158 -0.321 0.665 0.656
-0.158 -0.320 0.665 0.656
-0.159 -0.319 0.666 0.656
-0.158 -0.318 0.666 0.656
-0.159 -0.318 0.667 0.655
-0.158 -0.317 0.669 0.654
-0.159 -0.316 0.668 0.654
-0.159 -0.316 0.669 0.654
-0.160 -0.315 0.669 0.653
-0.159 -0.314 0.670 0.653
-0.160 -0.314 0.670 0.653
-0.160 -0.312 0.670 0.654
-0.160 -0.312 0.671 0.654
-0.161 -0.312 0.671 0.653
-0.162 -0.311 0.671 0.653
-0.163 -0.312 0.670 0.653
-0.162 -0.311 0.671 0.653
-0.163 -0.311 0.670 0.654
-0.163 -0.310 0.671 0.653
-0.163 -0.310 0.671 0.654
-0.164 -0.309 0.670 0.654
-0.163 -0.309 0.671 0.654
-0.164 -0.309 0.672 0.653
-0.163 -0.308 0.672 0.654
-0.164 -0.307 0.672 0.654
-0.164 -0.307 0.672 0.654
-0.165 -0.307 0.672 0.654
-0.165 -0.306 0.672 0.654
-0.165 -0.306 0.672 0.654
-0.166 -0.305 0.672 0.654
-0.166 -0.305 0.672 0.654
-0.167 -0.305 0.672 0.653
-0.167 -0.304 0.674 0.652
-0.168 -0.304 0.674 0.652
-0.168 -0.304 0.674 0.652
-0.168 -0.303 0.674 0.653
-0.168 -0.303 0.674 0.652
-0.169 -0.303 0.674 0.652
-0.170 -0.302 0.675 0.651
-0.171 -0.302 0.675 0.651
-0.172 -0.302 0.675 0.651
-0.172 -0.304 0.674 0.650
-0.172 -0.305 0.675 0.650
-0.172 -0.305 0.674 0.650
-0.172 -0.305 0.674 0.650
-0.173 -0.305 0.674 0.650
-0.172 -0.306 0.674 0.650
-0.173 -0.305 0.675 0.650
-0.173 -0.306 0.675 0.649
-0.172 -0.307 0.675 0.648
-0.171 -0.307 0.675 0.649
-0.171 -0.308 0.675 0.648
-0.170 -0.308 0.674 0.649
-0.171 -0.309 0.673 0.650
-0.170 -0.309 0.673 0.650
-0.171 -0.310 0.672 0.651
-0.171 -0.310 0.672 0.650
-0.171 -0.310 0.671 0.651
-0.170 -0.311 0.670 0.652
-0.170 -0.311 0.669 0.653
-0.170 -0.311 0.669 0.653
-0.171 -0.312 0.669 0.653
-0.171 -0.311 0.669 0.654
-0.171 -0.311 0.668 0.654
-0.171 -0.311 0.669 0.653
-0.172 -0.310 0.669 0.653
-0.172 -0.310 0.669 0.653
-0.172 -0.309 0.669 0.653
-0.173 -0.309 0.669 0.653
-0.173 -0.310 0.669 0.654
-0.172 -0.309 0.669 0.654
-0.172 -0.308 0.669 0.654
-0.173 -0.309 0.668 0.654
-0.173 -0.307 0.669 0.654
-0.174 -0.306 0.669 0.654
-0.174 -0.306 0.669 0.655
-0.175 -0.307 0.668 0.654
-0.176 -0.307 0.668 0.654
-0.177 -0.307 0.669 0.654
-0.177 -0.308 0.668 0.654
-0.178 -0.309 0.667 0.654
-0.178 -0.309 0.668 0.653
-0.179 -0.308 0.668 0.654
-0.180 -0.309 0.669 0.652
-0.180 -0.309 0.670 0.651
-0.180 -0.308 0.669 0.652
-0.181 -0.308 0.669 0.651
-0.181 -0.308 0.670 0.650
-0.181 -0.308 0.670 0.650
-0.181 -0.309 0.672 0.648
-0.182 -0.309 0.672 0.648
-0.182 -0.309 0.671 0.648
-0.181 -0.310 0.671 0.649
-0.182 -0.312 0.671 0.648
-0.183 -0.311 0.670 0.648
-0.182 -0.313 0.670 0.648
-0.181 -0.313 0.670 0.648
-0.181 -0.313 0.670 0.648
-0.182 -0.314 0.670 0.647
-0.182 -0.314 0.671 0.647
-0.182 -0.314 0.670 0.647
-0.181 -0.314 0.670 0.647
-0.182 -0.315 0.670 0.647
-0.182 -0.313 0.671 0.647
-0.182 -0.315 0.670 0.647
-0.182 -0.315 0.670 0.647
-0.182 -0.313 0.671 0.647
-0.183 -0.314 0.672 0.646
-0.183 -0.313 0.671 0.646
-0.184 -0.311 0.673 0.645
-0.185 -0.311 0.673 0.645
-0.185 -0.311 0.673 0.645
-0.185 -0.312 0.672 0.645
-0.187 -0.311 0.673 0.644
-0.187 -0.311 0.673 0.644
-0.188 -0.312 0.673 0.643
-0.188 -0.310 0.674 0.644
-0.188 -0.309 0.675 0.643
-0.189 -0.309 0.675 0.643
-0.189 -0.310 0.674 0.643
-0.189 -0.310 0.675 0.642
-0.190 -0.310 0.675 0.642
-0.191 -0.310 0.676 0.641
-0.190 -0.310 0.676 0.641
-0.190 -0.310 0.676 0.640
-0.190 -0.310 0.677 0.640
-0.190 -0.311 0.677 0.639
-0.189 -0.311 0.676 0.640
-0.188 -0.312 0.677 0.639
-0.188 -0.312 0.677 0.639
-0.188 -0.312 0.678 0.639
-0.189 -0.312 0.677 0.639
-0.189 -0.314 0.677 0.638
-0.189 -0.315 0.677 0.638
-0.189 -0.314 0.677 0.638
-0.189 -0.315 0.677 0.638
-0.189 -0.315 0.677 0.638
-0.189 -0.315 0.677 0.638
-0.189 -0.315 0.677 0.638
-0.190 -0.314 0.678 0.637
-0.190 -0.314 0.677 0.637
-0.190 -0.314 0.678 0.637
-0.191 -0.313 0.678 0.637
-0.191 -0.314 0.678 0.636
-0.191 -0.314 0.679 0.636
-0.191 -0.314 0.678 0.636
-0.192 -0.314 0.679 0.635
-0.193 -0.313 0.680 0.635
-0.193 -0.313 0.680 0.634
-0.194 -0.313 0.680 0.634
-0.194 -0.313 0.680 0.634
-0.193 -0.313 0.681 0.633
-0.193 -0.313 0.682 0.632
-0.193 -0.312 0.681 0.633
-0.193 -0.311 0.682 0.633
-0.194 -0.312 0.682 0.633
-0.194 -0.312 0.682 0.633
-0.194 -0.311 0.682 0.633
-0.194 -0.311 0.682 0.633
-0.194 -0.311 0.681 0.634
-0.194 -0.311 0.681 0.635
-0.193 -0.311 0.681 0.634
-0.193 -0.311 0.681 0.634
-0.192 -0.310 0.681 0.635
-0.192 -0.310 0.680 0.636
-0.191 -0.310 0.681 0.635
-0.191 -0.311 0.680 0.636
-0.190 -0.311 0.679 0.637
-0.189 -0.312 0.679 0.637
-0.188 -0.315 0.679 0.636
-0.189 -0.315 0.679 0.636
-0.188 -0.315 0.679 0.637
-0.187 -0.316 0.679 0.636
-0.186 -0.317 0.678 0.637
-0.186 -0.318 0.676 0.638
-0.184 -0.319 0.676 0.639
-0.183 -0.319 0.675 0.640
-0.181 -0.318 0.675 0.641
-0.180 -0.318 0.673 0.643
-0.179 -0.317 0.673 0.644
-0.179 -0.317 0.673 0.644
-0.179 -0.317 0.673 0.644
-0.178 -0.317 0.671 0.646
-0.178 -0.317 0.672 0.646
-0.178 -0.317 0.671 0.646
-0.177 -0.317 0.671 0.646
-0.176 -0.316 0.672 0.646
-0.176 -0.316 0.672 0.646
-0.177 -0.317 0.672 0.645
-0.176 -0.316 0.672 0.646
-0.176 -0.316 0.673 0.645
-0.176 -0.316 0.673 0.645
-0.176 -0.317 0.672 0.646
-0.176 -0.317 0.672 0.646
-0.175 -0.316 0.673 0.646
-0.175 -0.316 0.673 0.645
-0.174 -0.316 0.673 0.645
-0.174 -0.315 0.674 0.645
-0.174 -0.315 0.675 0.645
-0.174 -0.314 0.675 0.645
-0.175 -0.314 0.675 0.644
-0.175 -0.314 0.675 0.644
-0.176 -0.314 0.675 0.643
-0.176 -0.314 0.676 0.643
-0.176 -0.315 0.675 0.644
-0.176 -0.315 0.675 0.643
-0.175 -0.316 0.675 0.643
-0.175 -0.315 0.675 0.643
-0.176 -0.315 0.675 0.643
-0.176 -0.314 0.676 0.644
-0.176 -0.315 0.676 0.643
-0.176 -0.315 0.676 0.642
-0.176 -0.313 0.677 0.643
-0.176 -0.313 0.677 0.642
-0.176 -0.314 0.677 0.642
-0.175 -0.315 0.676 0.642
-0.175 -0.314 0.676 0.644
-0.174 -0.312 0.674 0.647
-0.174 -0.312 0.674 0.647
-0.174 -0.311 0.674 0.648
-0.175 -0.310 0.673 0.649
-0.175 -0.310 0.673 0.649
-0.176 -0.310 0.672 0.649
-0.175 -0.311 0.673 0.647
-0.175 -0.311 0.673 0.647
-0.175 -0.311 0.673 0.648
-0.175 -0.311 0.673 0.648
-0.175 -0.311 0.673 0.647
-0.174 -0.312 0.673 0.648
-0.174 -0.312 0.674 0.647
-0.175 -0.313 0.673 0.647
-0.175 -0.312 0.674 0.646
-0.176 -0.313 0.674 0.645
-0.176 -0.312 0.675 0.645
-0.176 -0.313 0.674 0.646
-0.177 -0.313 0.673 0.646
-0.177 -0.312 0.674 0.646
-0.178 -0.312 0.674 0.645
-0.179 -0.313 0.674 0.645
-0.183 -0.313 0.677 0.640
-0.186 -0.315 0.678 0.638
-0.188 -0.315 0.676 0.639
-0.189 -0.313 0.675 0.640
-0.191 -0.311 0.677 0.640
-0.192 -0.312 0.675 0.640
-0.191 -0.312 0.675 0.641
-0.191 -0.311 0.675 0.641
-0.191 -0.309 0.678 0.639
-0.191 -0.310 0.678 0.639
-0.190 -0.309 0.678 0.639
-0.190 -0.310 0.677 0.640
-0.189 -0.310 0.677 0.640
-0.189 -0.309 0.678 0.640
-0.188 -0.309 0.677 0.640
-0.189 -0.309 0.677 0.640
-0.189 -0.309 0.677 0.640
-0.188 -0.307 0.677 0.641
-0.187 -0.309 0.678 0.640
-0.187 -0.309 0.679 0.640
-0.187 -0.309 0.679 0.640
-0.187 -0.309 0.679 0.639
-0.186 -0.309 0.680 0.639
-0.187 -0.309 0.679 0.639
-0.187 -0.309 0.679 0.639
-0.187 -0.308 0.679 0.640
-0.187 -0.308 0.679 0.640
-0.187 -0.308 0.679 0.639
-0.186 -0.308 0.679 0.640
-0.186 -0.307 0.680 0.639
-0.186 -0.308 0.679 0.640
-0.187 -0.307 0.679 0.640
-0.186 -0.308 0.680 0.639
-0.187 -0.306 0.679 0.640
-0.187 -0.306 0.681 0.639
-0.187 -0.306 0.680 0.639
-0.186 -0.306 0.681 0.639
-0.185 -0.306 0.682 0.638
-0.185 -0.304 0.682 0.639
-0.186 -0.303 0.682 0.639
-0.185 -0.304 0.682 0.638
-0.185 -0.304 0.682 0.639
-0.185 -0.304 0.682 0.639
-0.185 -0.305 0.683 0.638
-0.185 -0.305 0.683 0.638
-0.185 -0.305 0.682 0.638
-0.185 -0.305 0.682 0.639
-0.185 -0.304 0.682 0.638
