40.358 -251.232 118.745
40.477 -251.127 118.724
40.550 -251.223 118.502
40.709 -251.230 118.141
40.532 -250.764 118.267
40.861 -250.229 117.743
40.795 -250.317 117.726
41.101 -250.314 117.436
40.943 -249.937 117.401
41.415 -249.792 116.873
41.539 -249.635 116.556
41.703 -248.728 117.348
41.860 -248.853 117.127
41.851 -249.007 116.936
41.780 -248.973 116.802
42.060 -248.809 116.616
42.250 -248.608 116.734
42.558 -248.347 116.949
42.851 -248.019 116.872
43.054 -247.944 116.923
43.088 -247.715 117.106
43.355 -247.612 117.188
43.435 -247.465 117.197
43.736 -247.346 116.832
44.024 -247.097 116.899
43.772 -247.320 116.974
43.856 -247.423 116.825
44.372 -246.124 117.085
44.524 -245.864 116.793
44.823 -244.861 116.791
44.824 -244.054 117.059
45.193 -243.713 116.712
45.501 -243.134 115.946
45.675 -242.936 115.565
45.879 -242.241 115.361
46.200 -241.758 115.159
46.335 -241.607 114.565
46.531 -241.315 113.998
46.635 -241.044 113.837
46.548 -241.078 113.598
46.807 -240.692 113.452
47.004 -240.499 112.970
47.074 -240.213 112.465
46.881 -240.038 112.579
47.051 -239.982 112.409
47.002 -239.842 112.405
47.218 -239.306 112.509
47.410 -239.166 112.291
48.180 -238.643 111.500
48.160 -238.340 111.759
48.301 -238.024 111.739
48.511 -237.892 111.491
48.635 -237.699 111.483
48.862 -237.300 111.600
48.868 -236.967 111.815
48.912 -236.700 112.129
49.067 -236.580 111.971
49.281 -236.080 112.120
49.884 -235.575 111.516
49.800 -235.437 111.419
50.022 -235.236 111.366
50.081 -235.139 111.024
50.252 -234.904 111.060
50.474 -234.686 111.024
50.560 -234.495 110.955
50.683 -234.303 110.829
50.615 -233.835 111.357
50.797 -233.979 111.062
50.630 -234.067 110.987
50.697 -234.190 110.818
50.406 -234.389 110.622
50.439 -234.271 110.527
50.211 -234.289 110.474
50.294 -234.482 110.237
50.634 -233.910 110.206
50.561 -233.489 110.508
50.606 -233.585 110.031
50.440 -233.144 109.658
50.501 -233.159 109.148
50.524 -233.217 109.345
50.122 -233.325 109.510
50.227 -233.182 109.446
50.156 -233.231 109.262
50.510 -232.831 108.814
50.772 -232.581 108.416
50.864 -232.235 108.576
50.874 -231.954 108.790
51.426 -231.873 108.462
51.314 -231.675 108.166
51.555 -231.446 107.883
51.707 -231.243 107.924
52.049 -230.896 107.704
52.097 -230.809 107.267
52.307 -230.199 107.142
52.360 -229.908 107.276
52.545 -229.581 107.032
52.585 -229.301 107.176
52.830 -228.960 107.021
52.980 -228.553 106.287
53.420 -227.861 106.088
53.398 -227.600 105.922
53.791 -227.282 105.825
54.275 -226.672 105.694
54.467 -225.832 105.859
54.618 -225.546 105.831
54.837 -225.248 105.923
55.296 -224.838 105.914
55.273 -224.622 106.051
55.512 -224.516 105.962
55.551 -224.197 105.656
55.651 -223.864 105.609
55.882 -223.526 105.706
56.073 -223.028 105.687
56.178 -222.958 105.470
56.316 -222.607 105.715
56.607 -221.996 106.087
56.881 -221.072 106.151
57.549 -220.473 106.579
57.430 -220.117 106.537
57.423 -220.205 106.352
57.414 -219.951 106.418
57.640 -219.561 106.499
57.977 -218.866 106.237
57.884 -218.783 106.387
58.015 -218.669 106.495
58.165 -218.455 106.630
58.419 -218.362 106.609
58.340 -218.339 106.681
58.285 -218.175 106.786
58.349 -217.937 106.795
58.285 -218.011 106.638
58.214 -217.755 106.904
58.274 -217.672 106.972
58.500 -217.324 106.792
58.370 -217.226 106.742
58.278 -217.289 106.740
58.343 -217.288 106.706
58.372 -216.805 107.398
59.079 -216.124 106.836
59.258 -216.053 106.703
58.463 -216.540 107.394
57.558 -216.731 107.936
56.370 -216.711 108.698
55.457 -215.965 110.919
55.382 -214.473 112.118
53.697 -214.840 113.996
51.658 -215.544 114.786
50.753 -216.297 114.462
49.622 -216.622 112.877
49.398 -215.620 113.677
49.295 -214.843 113.825
48.298 -214.969 115.600
47.889 -215.935 115.816
48.716 -215.137 118.099
48.790 -214.938 119.910
48.533 -215.423 119.769
48.745 -215.409 118.631
48.648 -215.157 118.111
47.822 -215.765 115.844
47.416 -215.188 116.133
46.310 -215.766 115.542
45.806 -216.326 115.140
45.614 -216.435 114.665
45.669 -215.972 115.630
45.780 -216.267 115.287
45.307 -217.032 115.695
45.606 -217.545 115.337
45.550 -218.301 115.216
45.697 -217.863 115.605
46.125 -216.692 116.058
46.279 -216.347 115.949
46.635 -215.946 116.047
47.036 -215.716 116.084
47.124 -215.205 116.350
47.211 -215.000 116.396
47.391 -214.819 116.327
47.569 -214.486 116.214
47.865 -214.103 116.227
48.109 -214.088 116.022
48.253 -213.767 116.225
48.358 -213.578 116.153
48.853 -213.083 116.330
49.016 -213.190 116.294
48.967 -212.758 116.700
49.230 -212.515 116.844
49.435 -212.147 117.075
49.765 -211.735 117.228
49.958 -211.480 116.745
49.789 -211.361 116.898
49.923 -211.121 116.916
50.144 -210.964 117.133
50.122 -210.966 117.186
50.211 -210.946 116.923
50.168 -210.727 115.799
50.002 -210.687 115.433
49.715 -210.953 114.668
49.838 -211.197 113.786
49.568 -211.138 113.742
49.584 -211.048 112.109
49.636 -211.031 111.541
49.441 -211.286 111.121
49.602 -211.466 110.168
49.426 -211.747 109.877
49.518 -211.764 109.891
49.665 -211.764 109.885
49.588 -211.824 109.843
49.860 -211.467 110.052
50.142 -211.344 109.757
50.066 -211.381 109.382
50.025 -211.047 109.649
50.207 -210.827 109.563
50.235 -210.683 109.759
50.282 -210.640 109.708
50.311 -210.655 109.516
50.128 -210.516 109.428
50.201 -210.270 109.324
50.333 -210.050 109.292
50.303 -209.752 109.111
50.408 -209.299 109.227
50.535 -208.753 109.471
50.435 -208.723 109.646
50.820 -208.814 109.276
50.749 -208.708 109.276
50.783 -208.432 109.371
51.039 -208.255 109.293
50.844 -207.960 109.640
51.156 -207.770 109.649
51.223 -207.209 110.555
51.660 -207.238 110.512
51.722 -207.027 110.679
51.761 -206.694 110.861
51.935 -206.746 110.630
52.365 -206.483 110.007
52.690 -206.122 109.947
52.854 -205.977 110.200
52.790 -205.987 110.708
52.560 -206.381 110.965
52.651 -206.837 110.144
52.597 -206.601 110.056
52.557 -206.248 110.232
53.005 -205.598 110.319
52.471 -205.861 110.447
52.777 -205.156 110.410
52.819 -205.318 110.270
52.914 -205.036 110.309
52.949 -204.970 110.305
52.826 -205.232 110.211
53.005 -205.152 110.353
52.754 -205.679 110.814
52.961 -205.388 111.209
52.971 -205.826 111.156
53.149 -205.865 111.370
53.265 -205.841 111.120
53.463 -205.895 111.180
53.629 -205.855 111.179
53.716 -205.537 111.390
53.877 -205.221 111.535
54.033 -205.175 111.212
53.969 -204.669 111.250
54.042 -204.090 111.299
53.877 -203.384 111.415
53.676 -203.379 111.460
53.657 -203.397 111.172
53.518 -203.228 111.193
53.765 -203.320 110.828
53.744 -203.572 110.738
53.549 -203.805 110.822
53.660 -203.852 110.842
53.551 -204.243 111.183
53.544 -204.525 111.493
53.370 -204.842 112.071
53.475 -205.192 112.148
53.585 -205.286 112.059
53.399 -206.110 111.877
53.248 -206.416 111.916
53.235 -206.454 111.973
53.196 -206.903 111.930
52.951 -207.175 112.110
53.096 -207.272 112.115
53.081 -207.611 112.262
52.736 -207.877 112.665
52.978 -207.855 112.484
53.094 -207.935 112.386
53.063 -208.278 112.240
52.611 -208.581 112.354
52.452 -208.750 112.350
52.299 -209.016 112.261
52.200 -209.271 112.268
51.898 -209.483 112.410
52.106 -209.825 112.140
52.102 -209.922 112.458
52.248 -210.020 112.490
52.115 -210.141 112.685
52.234 -210.289 112.550
52.210 -210.256 112.706
52.221 -210.548 112.320
52.041 -210.764 112.378
52.099 -210.875 112.233
52.024 -211.106 112.508
52.088 -211.428 112.426
52.155 -211.398 112.498
52.164 -211.383 112.645
52.192 -211.413 112.573
51.972 -211.715 112.395
51.876 -212.058 112.427
51.699 -212.543 112.725
51.649 -212.757 112.855
51.475 -213.317 112.557
51.224 -213.831 112.387
51.053 -214.196 112.413
50.835 -214.403 112.372
50.874 -214.856 112.035
50.570 -215.230 112.510
50.328 -215.868 112.521
50.561 -215.876 112.585
50.458 -215.902 112.795
50.512 -215.744 113.002
50.823 -215.836 112.747
50.624 -215.898 112.725
50.881 -216.077 112.492
50.580 -216.260 112.884
50.802 -216.214 112.915
50.765 -215.994 113.239
50.954 -215.958 113.165
50.987 -215.980 113.086
50.886 -215.803 112.888
50.676 -216.180 112.803
50.482 -216.641 112.993
50.446 -216.726 112.750
50.313 -216.820 112.974
50.389 -216.969 112.977
50.259 -217.064 113.242
50.338 -217.195 113.231
50.215 -217.120 113.464
50.362 -217.056 113.619
50.407 -217.317 113.463
50.451 -217.233 113.510
50.454 -217.305 113.586
50.361 -217.639 113.740
50.502 -217.733 113.690
50.403 -217.504 114.195
50.413 -217.766 114.001
50.450 -217.738 114.090
50.315 -217.893 114.049
50.130 -218.231 113.900
50.133 -218.697 114.161
50.135 -219.230 114.145
50.067 -219.113 114.497
50.120 -219.350 114.433
50.020 -219.642 114.197
49.898 -219.574 114.418
49.591 -220.084 114.935
49.630 -220.334 114.852
49.418 -221.017 114.776
48.869 -221.748 114.407
48.830 -221.962 114.058
48.479 -222.169 114.059
48.429 -222.480 113.768
48.396 -222.603 113.663
48.452 -222.533 113.799
48.333 -222.713 114.055
48.385 -222.804 113.923
48.340 -223.010 113.675
48.373 -222.895 113.662
48.375 -223.020 113.294
48.382 -223.030 113.286
48.254 -222.812 113.143
47.875 -223.307 112.945
47.562 -223.482 112.899
47.486 -223.494 112.828
47.252 -223.835 112.631
46.981 -223.951 112.384
47.002 -223.991 112.217
46.772 -223.955 112.412
46.532 -224.579 111.924
46.308 -224.924 111.956
46.210 -225.104 111.840
46.011 -225.303 111.863
45.971 -225.321 112.096
46.025 -225.397 112.014
45.925 -225.459 112.130
45.826 -225.761 112.487
45.999 -225.694 112.303
45.711 -225.735 112.436
45.947 -225.590 112.498
45.912 -225.757 112.384
45.806 -225.638 112.560
45.819 -226.101 112.716
45.721 -226.080 112.992
45.448 -226.897 112.410
45.241 -227.122 112.553
44.863 -227.676 112.879
44.883 -227.751 112.629
44.707 -228.242 112.547
44.546 -228.407 112.602
44.618 -228.601 112.306
44.571 -229.010 112.259
44.250 -229.128 112.509
44.296 -229.357 112.487
44.358 -229.616 112.496
44.365 -229.559 112.717
44.265 -229.504 112.676
44.466 -229.932 112.175
44.316 -230.070 112.587
44.324 -230.265 112.498
44.131 -230.354 112.455
43.617 -230.985 112.351
43.578 -231.370 112.696
43.648 -231.560 112.123
43.455 -231.542 112.135
43.460 -231.718 111.686
43.205 -231.728 111.868
43.419 -232.012 111.514
43.403 -231.907 111.706
43.484 -232.164 111.245
43.421 -231.889 111.579
43.611 -231.667 111.903
43.355 -232.113 111.580
43.220 -231.860 111.817
43.343 -231.981 111.738
43.161 -232.272 111.636
43.313 -232.436 111.509
43.052 -233.238 111.658
43.055 -233.206 111.866
42.925 -233.459 111.763
42.732 -233.860 111.759
42.353 -234.414 112.151
42.560 -234.491 111.814
42.331 -234.692 111.732
42.142 -235.062 111.768
42.223 -235.456 111.653
42.011 -235.578 111.980
42.243 -235.850 111.456
42.020 -235.861 111.344
41.765 -236.097 111.711
41.918 -236.286 111.478
41.824 -236.431 111.446
41.787 -236.562 111.295
41.633 -236.539 111.458
41.817 -236.665 111.401
42.016 -236.668 111.180
41.921 -236.777 110.435
41.730 -236.847 110.644
41.509 -237.260 110.738
41.342 -237.601 110.714
41.209 -237.764 110.380
41.348 -237.923 110.030
40.984 -237.975 110.144
41.044 -238.062 110.087
41.124 -238.035 110.131
41.055 -238.109 110.224
40.998 -238.222 110.474
40.955 -238.464 110.625
40.973 -238.682 110.508
40.844 -238.643 110.872
40.847 -239.205 110.763
40.885 -239.255 110.676
40.873 -239.254 110.599
40.724 -239.402 110.532
40.646 -239.900 110.667
40.580 -240.023 110.817
40.588 -240.120 110.523
40.413 -240.250 110.658
40.475 -240.301 110.653
40.415 -240.241 110.854
40.464 -240.370 110.536
40.330 -240.534 110.603
40.111 -240.854 110.782
39.986 -240.821 110.828
39.878 -240.895 110.993
39.904 -241.206 110.936
39.774 -241.270 111.066
39.808 -241.128 110.936
40.044 -240.991 110.815
39.959 -240.818 111.264
39.839 -240.592 111.628
40.022 -240.551 111.810
40.224 -240.427 111.635
40.321 -240.201 111.678
40.485 -239.888 111.675
40.664 -239.523 111.991
40.684 -238.959 111.978
40.986 -238.591 111.883
41.055 -238.342 111.798
41.395 -238.076 111.928
41.374 -237.648 111.816
41.587 -237.159 111.732
41.805 -237.004 111.498
42.089 -236.554 111.928
42.141 -236.404 111.916
42.396 -235.815 112.228
42.690 -235.129 112.703
43.031 -234.865 112.721
43.055 -235.007 112.648
43.070 -234.655 112.922
43.207 -234.555 113.001
43.182 -234.467 113.064
43.552 -234.202 113.046
43.617 -233.996 113.036
43.727 -233.619 113.081
43.958 -233.581 112.961
43.821 -233.637 112.861
44.044 -233.429 112.909
44.022 -233.051 112.964
44.068 -233.252 112.699
44.117 -233.017 112.427
44.207 -232.571 112.635
44.361 -232.545 112.591
44.562 -232.461 112.558
44.638 -232.349 112.620
44.687 -232.148 112.781
44.856 -232.092 112.806
45.012 -231.993 112.744
44.997 -231.796 112.630
44.979 -231.626 112.456
45.171 -231.424 112.288
45.186 -231.124 112.266
45.039 -230.583 112.445
45.001 -230.561 112.058
45.188 -230.344 111.813
45.194 -230.078 111.848
45.316 -229.690 111.601
45.417 -229.460 111.506
45.389 -229.131 111.539
45.425 -228.945 111.568
45.884 -228.805 111.306
45.917 -228.490 111.335
46.136 -228.219 111.119
46.130 -227.823 111.045
46.155 -227.331 111.429
46.225 -226.931 111.461
46.268 -226.517 111.320
46.442 -226.464 111.239
46.339 -226.259 111.279
46.022 -225.988 111.494
46.022 -226.113 111.066
46.127 -226.063 110.162
46.148 -225.969 110.128
46.204 -225.869 110.156
46.276 -225.785 110.185
46.232 -225.657 110.267
46.253 -225.527 109.850
46.205 -225.177 109.828
46.058 -225.215 109.707
46.174 -225.407 109.337
46.003 -225.477 109.595
46.062 -225.327 109.540
46.029 -225.328 109.535
46.117 -225.196 109.278
46.333 -224.063 109.700
46.272 -223.752 109.436
46.105 -223.491 109.318
45.535 -223.123 108.723
45.088 -223.011 108.369
44.865 -222.812 108.573
44.677 -222.506 108.596
44.808 -222.299 108.300
44.745 -222.630 108.016
44.944 -222.312 108.270
44.988 -222.119 108.485
45.350 -222.090 107.961
45.587 -221.763 107.670
45.688 -221.501 107.735
45.993 -221.465 107.603
46.057 -221.370 107.568
46.283 -221.081 107.562
46.342 -220.876 107.695
46.465 -220.753 107.689
46.482 -220.502 107.807
46.799 -220.080 107.824
47.024 -219.973 107.272
47.297 -219.567 107.287
47.186 -219.410 107.208
47.342 -219.421 107.020
47.276 -219.288 107.193
47.395 -219.290 107.187
47.480 -219.368 107.026
47.549 -219.048 107.371
47.570 -219.215 107.372
47.790 -219.115 107.140
47.976 -218.867 106.822
47.716 -218.698 107.253
47.934 -218.724 107.000
47.947 -218.735 107.079
47.910 -218.593 107.291
48.011 -218.708 107.372
47.974 -219.094 107.583
48.161 -218.934 107.459
48.414 -218.584 107.104
48.801 -217.969 106.794
48.906 -217.418 107.117
49.039 -217.112 107.391
49.071 -216.910 106.893
49.167 -216.876 106.930
49.047 -217.233 106.466
49.098 -217.409 106.231
49.132 -217.235 106.343
49.324 -217.206 106.257
49.309 -216.841 106.319
49.148 -216.900 106.379
