-0.219 0.499 0.250 -0.800
-0.219 0.499 0.250 -0.800
-0.219 0.499 0.251 -0.800
-0.219 0.499 0.251 -0.800
-0.219 0.499 0.251 -0.800
-0.219 0.499 0.251 -0.800
-0.219 0.499 0.251 -0.800
-0.219 0.499 0.251 -0.800
-0.219 0.499 0.251 -0.800
-0.219 0.499 0.250 -0.800
-0.219 0.499 0.250 -0.800
-0.219 0.499 0.250 -0.800
-0.219 0.499 0.251 -0.800
-0.219 0.499 0.251 -0.800
-0.219 0.499 0.250 -0.800
-0.219 0.499 0.251 -0.800
-0.219 0.499 0.251 -0.800
-0.219 0.499 0.250 -0.800
-0.219 0.499 0.251 -0.800
-0.219 0.499 0.250 -0.800
-0.219 0.499 0.251 -0.800
-0.219 0.499 0.251 -0.800
-0.219 0.499 0.250 -0.800
-0.219 0.498 0.251 -0.800
-0.219 0.499 0.251 -0.800
-0.219 0.499 0.250 -0.800
-0.219 0.499 0.251 -0.800
-0.219 0.499 0.250 -0.800
-0.219 0.499 0.251 -0.800
-0.219 0.499 0.250 -0.800
-0.219 0.499 0.251 -0.800
-0.219 0.499 0.251 -0.800
-0.219 0.499 0.250 -0.800
-0.219 0.499 0.251 -0.800
-0.219 0.499 0.251 -0.800
-0.219 0.499 0.250 -0.800
-0.219 0.499 0.251 -0.800
-0.219 0.499 0.251 -0.800
-0.219 0.499 0.250 -0.800
-0.219 0.499 0.250 -0.800
-0.219 0.499 0.250 -0.800
-0.219 0.499 0.250 -0.800
-0.219 0.499 0.251 -0.800
-0.219 0.499 0.250 -0.800
-0.219 0.499 0.251 -0.800
-0.219 0.499 0.250 -0.800
-0.219 0.499 0.251 -0.800
-0.219 0.499 0.251 -0.800
-0.219 0.499 0.251 -0.800
-0.219 0.499 0.251 -0.800
-0.219 0.499 0.251 -0.800
-0.219 0.499 0.250 -0.800
-0.219 0.499 0.251 -0.800
-0.219 0.499 0.251 -0.800
-0.219 0.499 0.251 -0.800
-0.219 0.499 0.251 -0.800
-0.219 0.499 0.251 -0.800
-0.219 0.499 0.251 -0.800
-0.219 0.499 0.250 -0.800
-0.219 0.499 0.250 -0.800
-0.219 0.499 0.251 -0.800
-0.219 0.499 0.251 -0.800
-0.219 0.499 0.251 -0.800
-0.219 0.499 0.250 -0.800
-0.219 0.499 0.250 -0.800
-0.219 0.499 0.250 -0.800
-0.219 0.499 0.250 -0.800
-0.219 0.499 0.251 -0.800
-0.219 0.499 0.251 -0.800
-0.219 0.499 0.250 -0.800
-0.219 0.499 0.251 -0.800
-0.219 0.499 0.251 -0.800
-0.219 0.499 0.250 -0.800
-0.219 0.499 0.251 -0.800
-0.219 0.499 0.251 -0.800
-0.219 0.499 0.250 -0.800
-0.219 0.499 0.250 -0.800
-0.219 0.499 0.251 -0.800
-0.219 0.499 0.251 -0.800
-0.219 0.499 0.251 -0.800
-0.219 0.499 0.251 -0.800
-0.219 0.499 0.251 -0.800
-0.219 0.499 0.251 -0.800
-0.219 0.499 0.251 -0.800
-0.219 0.499 0.251 -0.800
-0.219 0.499 0.251 -0.800
