263.595 220.819 361.668
263.708 220.751 361.618
263.589 220.786 361.678
263.509 220.759 361.733
263.549 220.619 361.769
263.419 220.685 361.817
263.579 220.761 361.695
263.604 220.657 361.720
263.501 220.751 361.753
263.602 220.812 361.668
263.527 220.723 361.736
263.553 220.721 361.724
263.582 220.802 361.672
263.528 220.668 361.765
263.464 220.866 361.718
263.456 220.663 361.818
263.474 220.738 361.748
263.453 220.814 361.739
263.455 220.667 361.802
263.476 220.823 361.736
263.440 220.745 361.757
263.444 220.679 361.794
263.606 220.843 361.671
263.725 220.762 361.621
263.495 220.730 361.778
263.656 220.808 361.642
263.457 220.765 361.781
263.510 220.705 361.753
263.519 220.713 361.766
263.437 220.815 361.763
263.580 220.784 361.706
263.576 220.753 361.702
263.582 220.890 361.661
263.517 220.781 361.731
263.483 220.831 361.732
263.488 220.849 361.741
263.576 220.781 361.713
263.554 220.759 361.722
263.538 220.930 361.660
263.541 220.737 361.747
263.449 220.853 361.723
263.528 220.738 361.752
263.483 220.846 361.713
263.592 220.845 361.657
263.380 220.780 361.810
263.605 220.761 361.689
263.545 220.671 361.784
263.566 220.814 361.687
263.553 220.800 361.712
263.533 220.808 361.718
263.418 220.783 361.779
263.583 220.791 361.684
263.480 220.787 361.734
263.479 220.696 361.796
263.569 220.846 361.670
263.530 220.713 361.743
263.478 220.770 361.767
263.531 220.806 361.696
263.556 220.859 361.691
263.453 220.842 361.750
263.441 220.792 361.776
263.459 220.820 361.749
263.490 220.797 361.737
263.508 220.852 361.705
263.569 220.864 361.672
263.514 220.794 361.729
263.533 220.757 361.741
263.566 220.841 361.698
263.488 220.795 361.751
263.545 220.830 361.708
263.485 220.729 361.801
263.514 220.750 361.763
263.471 220.768 361.767
263.460 220.710 361.818
263.579 220.840 361.692
263.536 220.882 361.677
263.544 220.875 361.677
263.629 220.832 361.658
263.504 220.810 361.748
263.517 220.742 361.760
263.499 220.847 361.729
263.416 220.750 361.817
263.514 220.863 361.727
263.439 220.833 361.782
263.483 220.831 361.732
263.432 220.695 361.827
