-0.491 0.543 0.436 -0.523
-0.492 0.543 0.438 -0.522
-0.495 0.540 0.439 -0.520
-0.496 0.540 0.438 -0.520
-0.497 0.540 0.438 -0.520
-0.495 0.541 0.438 -0.520
-0.496 0.541 0.437 -0.519
-0.496 0.541 0.437 -0.519
-0.496 0.542 0.437 -0.519
-0.495 0.542 0.438 -0.519
-0.495 0.541 0.439 -0.519
-0.495 0.540 0.439 -0.520
-0.495 0.541 0.439 -0.520
-0.495 0.540 0.440 -0.520
-0.494 0.540 0.441 -0.520
-0.494 0.538 0.441 -0.521
-0.494 0.539 0.440 -0.521
-0.494 0.539 0.441 -0.520
-0.494 0.539 0.441 -0.521
-0.493 0.538 0.442 -0.521
-0.494 0.538 0.443 -0.521
-0.493 0.538 0.443 -0.520
-0.493 0.538 0.442 -0.522
-0.493 0.538 0.443 -0.521
-0.492 0.537 0.445 -0.522
-0.492 0.536 0.445 -0.522
-0.492 0.536 0.445 -0.522
-0.491 0.536 0.446 -0.522
-0.490 0.535 0.447 -0.523
-0.490 0.536 0.446 -0.523
-0.489 0.535 0.447 -0.524
-0.489 0.536 0.446 -0.523
-0.489 0.536 0.446 -0.523
-0.489 0.537 0.447 -0.523
-0.488 0.537 0.447 -0.523
-0.488 0.537 0.447 -0.523
-0.486 0.537 0.448 -0.524
-0.485 0.538 0.448 -0.524
-0.483 0.538 0.450 -0.525
-0.483 0.537 0.449 -0.526
-0.483 0.537 0.449 -0.526
-0.483 0.537 0.449 -0.526
-0.483 0.537 0.449 -0.526
-0.483 0.536 0.450 -0.526
-0.482 0.536 0.451 -0.526
-0.481 0.537 0.450 -0.527
-0.478 0.537 0.450 -0.529
-0.478 0.538 0.450 -0.529
