-0.477 0.569 0.440 -0.506
-0.476 0.568 0.441 -0.505
-0.477 0.568 0.442 -0.505
-0.477 0.568 0.441 -0.505
-0.476 0.568 0.442 -0.505
-0.476 0.568 0.441 -0.506
-0.475 0.567 0.442 -0.507
-0.474 0.567 0.442 -0.508
-0.473 0.567 0.443 -0.508
-0.473 0.567 0.443 -0.508
-0.472 0.567 0.444 -0.509
-0.472 0.567 0.444 -0.508
-0.471 0.567 0.445 -0.509
-0.471 0.567 0.445 -0.508
-0.471 0.567 0.444 -0.509
-0.471 0.567 0.445 -0.509
-0.470 0.567 0.445 -0.509
-0.470 0.567 0.445 -0.510
-0.470 0.566 0.445 -0.510
-0.469 0.566 0.446 -0.510
-0.469 0.566 0.446 -0.511
-0.469 0.566 0.446 -0.511
-0.469 0.566 0.446 -0.511
-0.468 0.565 0.447 -0.511
-0.468 0.566 0.446 -0.511
-0.468 0.566 0.446 -0.511
-0.468 0.566 0.446 -0.512
-0.468 0.566 0.446 -0.511
-0.468 0.565 0.447 -0.512
-0.467 0.566 0.447 -0.512
-0.467 0.565 0.448 -0.513
-0.466 0.565 0.448 -0.513
-0.467 0.565 0.447 -0.513
-0.466 0.565 0.448 -0.513
-0.466 0.565 0.448 -0.514
-0.466 0.565 0.448 -0.513
-0.465 0.564 0.448 -0.514
-0.465 0.564 0.448 -0.515
-0.464 0.564 0.449 -0.515
-0.463 0.565 0.449 -0.515
-0.463 0.565 0.448 -0.515
-0.462 0.565 0.449 -0.516
-0.461 0.565 0.449 -0.516
-0.461 0.565 0.448 -0.517
-0.459 0.565 0.449 -0.518
-0.459 0.565 0.449 -0.519
-0.458 0.565 0.449 -0.519
-0.458 0.565 0.449 -0.520
-0.458 0.565 0.449 -0.519
-0.458 0.565 0.450 -0.519
-0.458 0.565 0.450 -0.519
-0.458 0.564 0.449 -0.520
-0.455 0.564 0.450 -0.521
-0.455 0.564 0.450 -0.523
-0.454 0.564 0.450 -0.522
-0.454 0.564 0.450 -0.523
-0.452 0.565 0.449 -0.524
-0.455 0.561 0.441 -0.534
-0.441 0.564 0.403 -0.571
