281.391 94.226 265.619
281.357 93.942 265.614
281.354 93.569 265.425
281.338 93.455 265.488
281.297 92.844 265.405
281.434 92.796 265.481
281.574 92.400 265.491
281.529 92.312 265.462
281.542 91.826 265.342
281.525 91.686 265.313
281.664 91.509 265.192
281.557 91.208 265.240
281.539 90.929 265.116
281.435 90.815 265.095
281.461 90.666 265.175
281.650 90.457 265.000
281.605 90.345 265.090
281.639 90.289 265.101
281.704 90.138 265.055
281.629 89.962 265.019
281.714 89.814 265.142
281.771 89.833 265.050
281.693 89.508 265.189
281.839 89.428 264.962
281.718 89.365 265.065
281.797 89.238 265.129
281.918 89.208 265.106
281.848 89.025 265.196
281.827 88.696 265.262
282.005 88.671 265.133
282.055 88.490 265.161
282.155 88.406 265.161
282.083 88.331 265.133
282.174 88.286 265.110
282.163 88.208 265.095
281.991 87.754 265.265
282.238 87.596 265.117
282.379 87.399 265.085
282.131 87.108 265.215
282.292 87.119 265.145
282.490 87.073 265.158
282.458 86.618 265.322
282.523 86.546 265.196
282.667 86.412 265.252
282.785 86.300 265.228
282.813 86.046 265.276
282.927 85.582 265.337
283.028 85.587 265.275
282.954 85.152 265.251
282.961 84.877 265.232
282.998 84.461 265.262
283.170 84.445 265.433
283.376 84.110 265.440
283.558 83.909 265.444
283.396 83.710 265.423
283.487 83.432 265.522
283.576 83.390 265.640
285.149 84.962 269.220
290.647 94.014 277.547
