-0.352 0.389 0.578 -0.625
-0.351 0.389 0.579 -0.625
-0.351 0.390 0.579 -0.624
-0.349 0.392 0.579 -0.624
-0.347 0.391 0.582 -0.623
-0.349 0.391 0.581 -0.622
-0.349 0.390 0.582 -0.622
-0.350 0.390 0.582 -0.622
-0.351 0.391 0.581 -0.621
-0.351 0.392 0.582 -0.620
-0.353 0.391 0.581 -0.620
-0.353 0.394 0.587 -0.613
-0.353 0.395 0.589 -0.611
-0.354 0.396 0.587 -0.611
-0.360 0.388 0.576 -0.623
-0.361 0.386 0.574 -0.625
-0.355 0.395 0.583 -0.615
-0.354 0.396 0.584 -0.614
-0.355 0.396 0.583 -0.614
-0.355 0.399 0.585 -0.610
-0.356 0.399 0.586 -0.609
-0.357 0.398 0.585 -0.610
-0.357 0.396 0.587 -0.610
-0.357 0.395 0.588 -0.609
-0.357 0.396 0.588 -0.609
-0.356 0.396 0.588 -0.609
-0.356 0.397 0.587 -0.610
-0.356 0.396 0.587 -0.610
-0.356 0.396 0.587 -0.610
-0.355 0.398 0.587 -0.609
-0.355 0.399 0.586 -0.609
-0.356 0.397 0.581 -0.615
-0.357 0.394 0.579 -0.618
-0.356 0.395 0.580 -0.618
-0.356 0.394 0.583 -0.615
-0.358 0.395 0.582 -0.614
-0.356 0.394 0.584 -0.614
-0.356 0.394 0.585 -0.613
-0.356 0.395 0.584 -0.613
-0.355 0.395 0.585 -0.613
-0.356 0.396 0.584 -0.612
-0.355 0.395 0.585 -0.613
-0.356 0.396 0.584 -0.613
-0.356 0.396 0.584 -0.613
-0.356 0.395 0.585 -0.613
-0.356 0.395 0.584 -0.613
-0.356 0.395 0.584 -0.614
-0.357 0.395 0.585 -0.612
-0.358 0.396 0.584 -0.611
-0.357 0.396 0.585 -0.611
-0.358 0.397 0.585 -0.610
-0.359 0.397 0.584 -0.610
-0.359 0.396 0.584 -0.610
-0.360 0.398 0.584 -0.609
-0.359 0.398 0.583 -0.610
-0.360 0.399 0.583 -0.609
-0.359 0.398 0.583 -0.610
-0.359 0.399 0.583 -0.610
-0.360 0.400 0.584 -0.608
-0.360 0.398 0.583 -0.610
-0.359 0.397 0.585 -0.609
-0.359 0.398 0.585 -0.609
-0.359 0.397 0.586 -0.609
-0.358 0.397 0.585 -0.610
-0.357 0.397 0.585 -0.610
-0.357 0.397 0.586 -0.609
-0.357 0.398 0.586 -0.610
-0.357 0.399 0.585 -0.609
-0.355 0.399 0.585 -0.610
-0.355 0.401 0.585 -0.609
-0.354 0.400 0.586 -0.610
-0.355 0.400 0.586 -0.609
-0.355 0.401 0.584 -0.610
-0.354 0.400 0.584 -0.611
-0.354 0.401 0.585 -0.610
-0.354 0.400 0.587 -0.608
-0.355 0.403 0.585 -0.608
-0.354 0.401 0.587 -0.608
-0.354 0.399 0.587 -0.609
-0.355 0.399 0.587 -0.609
-0.354 0.399 0.588 -0.609
-0.355 0.399 0.586 -0.609
-0.354 0.399 0.588 -0.608
-0.353 0.398 0.589 -0.609
-0.354 0.399 0.588 -0.608
-0.354 0.399 0.589 -0.608
-0.354 0.399 0.588 -0.608
-0.355 0.399 0.588 -0.608
-0.355 0.400 0.587 -0.608
-0.355 0.400 0.587 -0.608
-0.354 0.400 0.587 -0.608
-0.355 0.400 0.587 -0.607
-0.353 0.399 0.589 -0.607
-0.353 0.399 0.588 -0.608
-0.354 0.400 0.588 -0.607
-0.354 0.401 0.588 -0.607
-0.354 0.401 0.587 -0.607
-0.355 0.401 0.587 -0.607
-0.355 0.402 0.587 -0.607
-0.356 0.403 0.585 -0.606
-0.355 0.402 0.586 -0.607
-0.356 0.403 0.586 -0.607
-0.355 0.403 0.587 -0.606
-0.355 0.402 0.586 -0.607
-0.355 0.403 0.585 -0.607
-0.354 0.403 0.586 -0.607
-0.355 0.403 0.585 -0.607
-0.354 0.405 0.586 -0.606
-0.354 0.404 0.586 -0.607
-0.355 0.404 0.585 -0.607
-0.354 0.405 0.586 -0.606
-0.354 0.403 0.586 -0.607
-0.353 0.404 0.587 -0.606
-0.353 0.404 0.587 -0.606
-0.353 0.404 0.588 -0.605
-0.355 0.405 0.588 -0.604
-0.356 0.403 0.588 -0.604
-0.356 0.406 0.586 -0.604
-0.355 0.407 0.585 -0.605
-0.355 0.407 0.586 -0.604
-0.356 0.406 0.585 -0.605
-0.354 0.405 0.586 -0.606
-0.353 0.405 0.586 -0.606
-0.352 0.404 0.587 -0.607
-0.354 0.403 0.585 -0.608
-0.355 0.405 0.583 -0.609
-0.356 0.404 0.580 -0.611
