328.261 156.530 278.047
328.237 156.470 277.834
328.211 156.180 277.607
328.102 156.231 277.650
329.007 155.169 277.006
328.970 154.764 276.904
329.065 154.630 277.031
329.238 154.581 276.705
329.225 154.539 276.718
329.089 154.274 276.689
329.259 154.051 276.731
328.062 153.047 275.130
327.629 152.820 274.358
327.503 152.951 274.660
330.542 154.753 277.478
331.231 155.025 277.834
328.238 153.878 275.385
327.873 153.693 274.974
328.034 153.899 275.324
327.273 153.547 274.597
327.128 153.232 274.203
327.600 153.200 274.810
327.833 152.735 274.680
328.000 152.047 274.275
328.201 151.872 274.328
328.217 151.928 274.467
328.294 152.103 274.624
328.472 152.127 274.824
328.543 151.977 274.703
328.266 151.947 274.632
328.087 152.148 274.277
329.195 152.952 275.603
330.020 153.184 276.065
329.947 153.168 275.880
329.786 152.213 275.291
329.825 151.947 275.337
329.895 151.488 275.293
330.108 150.973 275.074
330.293 150.646 275.098
330.200 150.353 275.146
330.172 150.229 275.116
330.427 150.145 275.191
330.608 149.956 275.187
330.638 149.549 275.165
330.911 149.466 275.127
330.914 149.413 275.193
331.025 149.416 275.297
330.904 148.960 275.161
330.873 148.860 275.051
330.925 148.918 274.953
330.838 148.681 274.871
330.914 148.606 274.790
330.972 148.526 274.861
330.776 148.359 274.918
331.086 148.430 274.858
330.883 148.144 275.011
331.071 148.055 274.853
331.024 147.869 274.976
331.025 147.577 274.810
331.335 147.466 274.900
331.589 147.020 274.913
331.665 146.755 274.748
331.893 146.553 274.675
332.090 146.308 274.737
332.098 145.959 274.831
332.531 145.413 274.590
332.481 145.370 274.738
332.545 144.988 274.637
332.786 144.555 274.732
332.715 144.210 274.511
333.029 143.972 274.528
333.306 143.549 274.568
333.346 143.571 274.576
333.560 143.488 274.506
333.470 143.280 274.509
333.346 142.732 274.406
333.217 142.830 274.253
333.485 142.638 274.213
333.867 142.022 274.373
334.079 141.495 274.335
334.250 141.298 274.255
334.482 141.159 274.256
334.550 140.783 274.172
334.777 140.490 274.089
334.846 140.132 274.097
335.050 139.750 274.078
334.921 139.550 274.214
335.117 139.210 274.034
335.039 139.316 274.127
335.216 139.222 274.068
335.165 139.007 274.283
335.362 138.872 274.093
335.586 138.673 274.090
335.607 138.586 274.158
335.758 138.536 274.057
335.483 138.447 274.342
335.637 138.377 274.117
335.802 137.964 274.191
335.813 137.863 274.148
335.827 137.536 274.209
336.065 137.243 274.194
336.065 137.134 274.242
336.169 136.874 274.222
336.319 136.666 274.198
336.588 136.388 274.135
336.811 136.010 274.142
337.008 135.703 274.241
336.965 135.386 274.209
337.065 135.215 274.302
337.354 135.082 274.155
337.128 134.898 274.152
337.434 134.635 273.969
337.421 134.485 273.885
337.344 134.096 273.886
337.291 134.016 273.897
337.498 133.508 273.773
337.744 133.034 273.814
337.720 132.913 273.942
338.001 132.491 273.971
338.448 131.725 274.048
338.836 131.238 274.168
339.168 131.046 274.185
339.222 131.016 274.317
339.502 130.937 274.230
339.484 131.266 274.690
339.270 132.325 275.488
339.662 133.252 276.260
