216.273 94.693 269.241
216.236 94.270 269.181
216.429 93.003 269.073
216.353 92.618 269.215
216.524 92.176 269.326
216.481 91.682 269.360
216.495 91.173 269.362
216.534 90.356 269.242
216.504 89.792 269.196
216.509 89.443 269.163
216.586 88.607 269.103
216.630 88.029 269.077
216.780 87.612 269.017
216.883 87.139 269.016
216.962 86.451 268.974
217.119 85.747 268.996
217.014 85.358 269.014
217.097 84.885 268.911
216.985 84.556 268.887
217.215 84.202 268.772
217.191 83.707 268.771
217.033 83.466 268.847
217.247 83.482 268.774
217.292 83.024 268.673
217.221 82.485 268.764
217.462 82.195 268.732
217.398 81.643 268.762
217.448 81.532 268.696
217.681 81.175 268.564
217.587 81.080 268.670
217.688 80.902 268.684
217.685 80.904 268.507
217.528 80.636 268.574
217.448 80.394 268.528
217.507 80.307 268.484
217.521 80.054 268.439
217.562 79.788 268.383
217.470 79.257 268.311
217.424 78.881 268.344
217.614 78.605 268.305
217.624 78.395 268.378
217.658 78.137 268.358
217.698 77.801 268.418
217.742 77.325 268.386
217.874 76.854 268.448
217.979 77.004 268.388
217.967 76.409 268.442
218.084 76.115 268.523
