-0.477 0.572 0.409 -0.527
-0.478 0.571 0.409 -0.527
-0.478 0.571 0.409 -0.527
-0.478 0.571 0.408 -0.529
-0.477 0.572 0.408 -0.528
-0.475 0.574 0.407 -0.528
-0.473 0.579 0.405 -0.527
-0.472 0.578 0.407 -0.527
-0.474 0.574 0.415 -0.524
-0.473 0.574 0.415 -0.523
-0.472 0.574 0.417 -0.524
-0.472 0.573 0.418 -0.524
-0.470 0.572 0.419 -0.525
-0.471 0.572 0.419 -0.526
-0.470 0.570 0.420 -0.527
-0.470 0.571 0.421 -0.526
-0.470 0.571 0.421 -0.525
-0.470 0.571 0.422 -0.524
-0.469 0.572 0.421 -0.525
-0.469 0.572 0.421 -0.525
-0.469 0.572 0.420 -0.525
-0.468 0.572 0.420 -0.526
-0.468 0.572 0.420 -0.526
-0.468 0.571 0.422 -0.526
-0.468 0.570 0.422 -0.527
-0.468 0.570 0.423 -0.527
-0.468 0.570 0.424 -0.526
-0.467 0.570 0.424 -0.526
-0.467 0.570 0.424 -0.526
-0.467 0.570 0.423 -0.527
-0.466 0.571 0.422 -0.528
-0.465 0.571 0.422 -0.530
-0.463 0.570 0.423 -0.531
-0.463 0.569 0.424 -0.532
-0.464 0.568 0.425 -0.531
-0.464 0.568 0.425 -0.530
-0.464 0.569 0.424 -0.530
-0.464 0.570 0.423 -0.529
-0.463 0.569 0.425 -0.530
-0.464 0.569 0.425 -0.530
-0.465 0.567 0.425 -0.531
-0.464 0.566 0.427 -0.531
-0.465 0.566 0.428 -0.529
-0.466 0.566 0.427 -0.529
-0.466 0.566 0.427 -0.528
-0.467 0.567 0.427 -0.527
-0.467 0.566 0.428 -0.528
-0.467 0.565 0.430 -0.528
-0.468 0.565 0.428 -0.527
-0.469 0.565 0.428 -0.528
-0.470 0.564 0.428 -0.527
-0.471 0.564 0.429 -0.526
-0.471 0.563 0.430 -0.526
-0.472 0.563 0.430 -0.526
-0.472 0.563 0.430 -0.525
-0.470 0.567 0.429 -0.523
