237.271 42.154 271.234
237.323 41.994 271.342
237.472 41.986 271.340
237.559 42.254 271.436
237.292 42.496 271.431
237.004 43.431 271.053
236.290 44.893 270.597
236.114 44.418 270.466
235.795 43.954 269.728
235.641 44.612 269.632
235.526 44.870 269.455
235.278 45.329 269.400
235.200 45.890 269.295
235.158 46.264 269.278
235.387 46.508 269.156
234.956 46.851 269.226
234.695 47.534 268.983
234.614 47.953 268.893
234.509 48.553 268.855
234.466 48.886 268.805
234.571 49.186 268.776
234.536 49.273 268.892
234.561 49.399 268.792
234.509 49.164 268.858
234.649 49.107 268.810
234.590 49.239 268.783
234.603 49.603 268.570
234.458 50.032 268.469
234.518 50.102 268.552
234.631 50.350 268.800
234.751 50.816 268.857
234.904 51.147 268.809
235.026 50.879 268.882
235.112 50.920 268.883
235.284 51.127 268.862
235.053 51.532 268.881
235.049 52.146 268.844
235.002 52.497 268.850
235.148 52.614 268.742
235.275 52.624 268.690
235.491 52.550 268.858
235.438 52.428 269.002
235.535 52.674 268.751
235.285 52.948 268.791
235.404 53.516 268.659
235.496 53.963 268.618
235.617 54.245 268.680
235.510 54.331 268.796
235.497 54.819 268.860
235.606 55.128 268.967
235.621 55.391 268.949
235.540 55.514 268.975
235.685 55.598 268.872
235.619 55.967 268.893
235.543 56.195 268.761
234.818 56.910 268.168
