270.729 161.755 278.241
270.729 161.569 278.013
271.031 160.834 277.894
270.874 160.892 277.826
271.196 160.428 277.580
271.367 160.077 277.399
271.560 159.529 277.231
271.708 159.415 277.282
271.918 159.281 277.219
271.908 159.377 277.247
271.876 159.273 277.374
271.935 159.174 277.406
272.113 158.972 277.391
272.361 159.095 277.415
272.430 158.825 277.361
272.622 158.593 277.267
272.699 158.499 277.551
272.971 158.351 277.302
273.046 158.236 277.469
273.011 157.988 277.392
273.415 158.024 277.505
273.765 157.875 277.452
273.955 157.554 277.591
274.170 157.071 277.663
274.478 156.789 277.533
274.592 156.691 277.513
274.863 156.357 277.560
275.160 156.207 277.424
275.287 156.078 277.420
275.377 156.140 277.409
275.360 155.949 277.434
275.602 155.673 277.420
275.811 155.297 277.444
275.951 155.383 277.505
275.783 155.262 277.389
276.086 155.097 277.314
276.169 154.865 277.336
276.272 154.828 277.315
276.369 154.449 277.238
276.458 154.340 277.259
276.504 154.114 277.285
276.721 154.181 277.154
276.590 154.199 277.259
276.632 154.053 277.296
276.806 153.773 277.391
277.118 153.625 277.182
277.108 153.390 277.225
277.173 153.179 277.341
277.434 152.896 277.091
277.474 152.865 277.169
277.432 152.644 277.293
277.560 152.570 277.220
277.673 152.695 277.179
278.100 152.127 276.928
277.988 151.660 276.719
278.172 150.805 276.434
278.274 150.845 276.704
278.276 150.546 276.786
278.409 150.426 276.737
278.370 150.473 276.746
278.535 150.171 276.721
279.065 149.692 276.502
278.682 149.721 276.678
278.968 149.528 276.618
278.916 149.135 276.636
279.190 148.598 276.494
279.503 148.255 276.468
279.628 148.011 276.291
279.787 147.780 276.306
279.894 147.610 276.236
280.018 147.472 276.302
280.072 147.063 276.234
280.113 146.862 276.259
280.306 146.621 276.181
280.407 146.480 276.231
280.580 146.289 276.093
280.668 146.188 276.146
280.839 145.922 276.055
280.761 145.706 276.035
280.918 145.630 276.176
281.326 145.307 276.087
281.913 144.881 276.254
281.191 148.716 278.657
282.301 148.259 279.654
