-0.362 0.405 0.563 -0.623
-0.362 0.405 0.563 -0.623
-0.357 0.405 0.567 -0.623
-0.358 0.407 0.565 -0.621
-0.359 0.406 0.566 -0.621
-0.360 0.405 0.567 -0.621
-0.360 0.406 0.567 -0.620
-0.358 0.406 0.568 -0.620
-0.359 0.406 0.567 -0.620
-0.358 0.407 0.567 -0.620
-0.359 0.408 0.566 -0.620
-0.358 0.406 0.568 -0.620
-0.359 0.407 0.567 -0.620
-0.359 0.407 0.567 -0.620
-0.359 0.407 0.567 -0.620
-0.359 0.408 0.567 -0.620
-0.358 0.407 0.566 -0.621
-0.358 0.408 0.567 -0.620
-0.358 0.407 0.566 -0.621
-0.359 0.408 0.567 -0.620
-0.359 0.407 0.565 -0.621
-0.359 0.405 0.566 -0.622
-0.360 0.406 0.566 -0.621
-0.360 0.406 0.566 -0.621
-0.359 0.405 0.567 -0.621
-0.360 0.407 0.566 -0.620
-0.360 0.406 0.567 -0.620
-0.360 0.405 0.567 -0.620
-0.360 0.405 0.567 -0.621
-0.360 0.405 0.567 -0.621
-0.360 0.405 0.567 -0.620
-0.361 0.405 0.566 -0.621
-0.360 0.405 0.567 -0.621
-0.360 0.406 0.566 -0.621
-0.360 0.408 0.566 -0.619
-0.361 0.407 0.566 -0.620
-0.361 0.407 0.567 -0.619
-0.360 0.407 0.567 -0.619
-0.362 0.407 0.567 -0.618
-0.363 0.408 0.566 -0.618
-0.363 0.407 0.566 -0.618
-0.364 0.408 0.565 -0.619
-0.362 0.408 0.566 -0.618
-0.363 0.408 0.565 -0.618
-0.363 0.408 0.566 -0.618
-0.363 0.408 0.565 -0.619
-0.363 0.408 0.566 -0.618
-0.362 0.407 0.566 -0.618
-0.364 0.408 0.566 -0.617
-0.364 0.409 0.565 -0.617
-0.364 0.408 0.566 -0.617
-0.363 0.408 0.566 -0.617
-0.363 0.409 0.564 -0.618
-0.363 0.407 0.566 -0.618
-0.363 0.407 0.568 -0.617
-0.361 0.407 0.569 -0.616
-0.359 0.408 0.568 -0.617
-0.358 0.409 0.568 -0.618
-0.358 0.410 0.568 -0.618
-0.357 0.410 0.568 -0.618
-0.357 0.409 0.569 -0.618
-0.357 0.408 0.570 -0.618
-0.356 0.409 0.569 -0.618
-0.357 0.409 0.568 -0.618
-0.357 0.410 0.569 -0.617
-0.358 0.409 0.569 -0.617
-0.357 0.407 0.570 -0.617
-0.357 0.407 0.571 -0.617
-0.358 0.408 0.571 -0.616
-0.358 0.408 0.571 -0.616
-0.358 0.408 0.571 -0.616
-0.359 0.408 0.571 -0.616
-0.359 0.408 0.570 -0.616
-0.358 0.408 0.571 -0.616
-0.359 0.408 0.570 -0.616
-0.358 0.408 0.571 -0.616
-0.359 0.408 0.571 -0.616
-0.359 0.408 0.572 -0.615
-0.361 0.410 0.570 -0.614
-0.359 0.408 0.571 -0.615
-0.359 0.408 0.571 -0.615
-0.358 0.405 0.572 -0.617
-0.349 0.414 0.560 -0.627
-0.354 0.410 0.560 -0.628
