-0.488 0.567 0.424 -0.510
-0.488 0.568 0.425 -0.508
-0.488 0.569 0.425 -0.508
-0.488 0.569 0.425 -0.507
-0.488 0.570 0.424 -0.506
-0.488 0.569 0.425 -0.507
-0.488 0.570 0.424 -0.507
-0.488 0.570 0.424 -0.507
-0.487 0.570 0.424 -0.507
-0.488 0.570 0.423 -0.507
-0.488 0.571 0.423 -0.507
-0.487 0.571 0.423 -0.508
-0.488 0.571 0.423 -0.508
-0.487 0.571 0.423 -0.508
-0.487 0.571 0.423 -0.507
-0.487 0.571 0.423 -0.507
-0.487 0.572 0.424 -0.506
-0.487 0.573 0.423 -0.506
-0.487 0.572 0.423 -0.506
-0.487 0.573 0.422 -0.506
-0.487 0.574 0.421 -0.505
-0.488 0.574 0.422 -0.504
-0.487 0.574 0.423 -0.504
-0.487 0.573 0.423 -0.505
-0.487 0.572 0.424 -0.506
-0.486 0.571 0.425 -0.507
-0.486 0.571 0.425 -0.507
-0.487 0.571 0.425 -0.507
-0.486 0.571 0.425 -0.506
-0.487 0.572 0.426 -0.504
-0.489 0.572 0.424 -0.504
-0.489 0.572 0.424 -0.504
-0.489 0.573 0.422 -0.504
-0.490 0.574 0.421 -0.503
-0.490 0.574 0.422 -0.501
-0.491 0.574 0.422 -0.501
-0.492 0.575 0.421 -0.500
-0.492 0.576 0.421 -0.499
-0.493 0.576 0.419 -0.499
-0.495 0.577 0.418 -0.497
-0.496 0.578 0.416 -0.497
-0.496 0.577 0.417 -0.497
-0.497 0.577 0.417 -0.496
-0.497 0.577 0.417 -0.497
-0.497 0.577 0.416 -0.497
-0.497 0.577 0.416 -0.497
-0.497 0.577 0.416 -0.497
-0.498 0.576 0.416 -0.497
-0.498 0.577 0.415 -0.497
-0.498 0.577 0.416 -0.496
-0.498 0.577 0.416 -0.496
-0.498 0.578 0.415 -0.495
-0.498 0.578 0.415 -0.495
-0.498 0.578 0.414 -0.496
-0.498 0.577 0.415 -0.496
-0.498 0.577 0.416 -0.496
-0.499 0.577 0.414 -0.496
-0.499 0.577 0.414 -0.496
-0.500 0.576 0.413 -0.497
-0.501 0.577 0.413 -0.496
-0.501 0.577 0.413 -0.496
-0.501 0.577 0.414 -0.495
-0.501 0.576 0.415 -0.495
